edit_decision_id	article_id	round	editor_id	decision	date_decided
1	2	1	4	1	2007-01-28 21:05:58
54	17	1	10	1	2008-07-03 21:20:12
56	41	1	5	3	2008-07-23 14:20:33
58	11	1	35	3	2008-07-23 15:10:45
57	74	1	5	4	2008-07-23 14:29:08
55	74	1	2	4	2008-07-14 17:06:28
11	9	1	31	2	2007-11-29 13:43:08
12	10	1	10	1	2007-11-29 15:34:15
13	9	1	31	3	2007-12-13 09:36:55
14	24	1	10	1	2008-01-15 20:28:23
15	15	1	10	1	2008-02-02 06:12:51
16	58	1	10	4	2008-02-13 21:02:44
17	35	1	10	2	2008-02-18 05:56:06
18	43	1	10	2	2008-02-22 21:53:55
19	43	1	10	1	2008-02-26 22:29:03
20	9	2	31	2	2008-03-05 07:47:26
21	14	1	31	2	2008-03-05 07:52:09
22	14	1	31	1	2008-03-05 21:42:16
23	9	2	31	1	2008-03-20 07:44:53
24	9	2	31	1	2008-03-20 07:45:44
25	53	1	23	2	2008-03-28 15:18:49
26	12	1	31	2	2008-03-29 19:44:57
47	40	1	10	3	2008-06-02 15:48:43
28	12	1	31	1	2008-04-03 09:06:47
29	61	1	6	1	2008-04-08 18:28:08
30	62	1	6	1	2008-04-08 19:17:32
31	35	1	10	1	2008-04-29 06:21:48
32	20	1	10	2	2008-05-01 06:58:19
33	27	1	31	4	2008-05-04 21:52:39
34	16	1	2	2	2008-05-07 16:10:15
35	20	1	10	1	2008-05-09 21:29:26
36	13	1	10	2	2008-05-13 12:15:12
37	19	1	2	2	2008-05-13 17:22:17
38	16	1	2	2	2008-05-13 17:28:36
39	19	1	2	2	2008-05-13 17:31:54
40	18	1	2	1	2008-05-13 21:54:22
41	51	1	10	2	2008-05-15 12:15:31
42	13	1	10	1	2008-05-21 19:56:05
43	16	1	2	1	2008-05-22 16:11:29
44	61	1	6	4	2008-05-24 00:38:45
45	62	1	6	4	2008-05-24 00:39:35
46	51	1	10	1	2008-05-28 00:13:41
48	45	1	31	2	2008-06-11 12:22:47
49	41	1	2	2	2008-06-15 10:44:17
50	41	1	2	2	2008-06-15 10:48:04
51	53	1	23	1	2008-06-24 13:42:48
52	61	1	2	4	2008-07-01 13:55:03
53	47	1	10	2	2008-07-01 22:06:44
59	11	1	35	4	2008-07-23 15:11:31
60	11	1	35	3	2008-07-23 15:18:09
61	73	1	31	4	2008-07-23 20:14:17
62	33	1	31	4	2008-07-23 20:45:57
63	33	1	31	4	2008-07-23 20:46:50
64	62	1	5	3	2008-07-25 14:54:27
65	62	1	5	4	2008-07-25 14:58:45
66	21	1	31	2	2008-08-01 08:42:30
67	19	1	2	3	2008-08-03 19:26:46
68	65	1	10	2	2008-08-03 23:56:52
69	78	1	2	4	2008-08-16 11:09:44
70	49	1	31	2	2008-08-17 09:50:03
71	26	1	10	1	2008-08-18 12:01:07
72	81	1	2	1	2008-08-19 00:13:02
73	83	1	6	1	2008-08-22 00:57:06
74	83	1	6	1	2008-08-22 00:58:02
75	80	1	2	2	2008-08-23 07:19:03
76	84	1	10	4	2008-08-28 12:01:17
77	31	1	10	2	2008-09-04 15:56:36
78	45	1	31	1	2008-09-08 17:49:55
79	11	1	35	1	2008-09-11 10:36:37
80	71	1	23	1	2008-10-02 15:04:25
81	54	1	35	2	2008-10-02 16:25:48
82	34	1	35	3	2008-10-05 02:10:07
83	23	1	31	2	2008-10-13 09:37:15
84	91	1	10	2	2008-10-14 11:51:18
85	25	1	10	2	2008-10-31 11:26:57
86	23	1	31	3	2008-11-01 13:57:23
87	91	1	10	1	2008-11-04 12:16:09
88	80	1	2	1	2008-11-04 13:01:22
89	88	1	2	2	2008-11-04 16:20:34
90	25	1	10	1	2008-11-04 17:01:38
91	65	1	10	1	2008-11-04 17:02:18
92	66	1	10	1	2008-11-04 17:02:52
93	49	1	31	3	2008-11-13 14:43:42
94	49	1	31	3	2008-11-13 14:44:12
95	29	1	31	2	2008-11-13 17:36:53
96	79	1	2	2	2008-11-16 19:58:38
97	19	2	2	2	2008-11-17 23:14:43
98	23	2	31	2	2008-11-21 07:24:16
99	23	2	31	1	2008-11-21 15:23:59
100	19	2	2	1	2008-11-24 18:17:59
101	41	2	2	1	2008-11-25 07:00:32
102	31	1	10	1	2008-11-25 20:56:35
103	69	1	2	2	2008-12-07 06:47:04
104	37	1	10	2	2008-12-07 21:35:04
105	49	2	31	1	2008-12-09 13:51:24
106	72	1	2	1	2008-12-19 22:35:30
107	50	1	2	1	2008-12-19 22:55:32
108	79	1	2	1	2008-12-23 16:07:19
109	69	1	2	1	2008-12-23 23:46:39
110	96	1	2	1	2008-12-29 14:14:01
111	75	1	2	1	2009-01-01 22:02:07
112	93	1	2	1	2009-01-02 15:39:24
113	29	1	31	3	2009-01-05 09:24:54
114	68	1	23	2	2009-01-08 16:47:05
115	30	1	23	2	2009-01-08 17:10:04
116	92	1	10	2	2009-01-12 21:25:52
117	76	1	2	2	2009-01-13 21:16:37
118	88	1	6	1	2009-01-15 15:20:28
119	70	1	23	2	2009-01-20 12:20:41
120	68	1	23	1	2009-01-20 12:27:28
121	73	1	31	2	2009-01-26 19:32:51
122	70	1	23	1	2009-01-28 09:34:44
123	87	1	35	1	2009-01-30 20:54:40
124	54	1	35	3	2009-01-30 21:06:37
125	37	1	10	1	2009-02-03 16:16:18
126	62	1	6	1	2009-02-05 10:12:21
127	62	1	6	4	2009-02-05 10:13:41
128	62	1	6	2	2009-02-05 19:17:35
129	30	1	23	1	2009-02-12 19:25:47
130	29	2	31	1	2009-02-16 15:54:06
131	92	1	6	3	2009-02-18 10:53:36
132	97	1	23	4	2009-02-19 16:08:10
133	94	1	10	4	2009-02-19 21:07:34
134	60	1	10	3	2009-03-03 23:51:15
135	95	1	10	2	2009-03-09 04:49:36
136	60	1	10	4	2009-03-16 22:35:21
137	92	2	10	2	2009-03-17 18:52:03
138	48	1	10	2	2009-03-17 20:46:28
139	54	2	35	2	2009-03-18 03:42:02
140	54	2	35	1	2009-03-25 17:07:57
141	54	2	35	1	2009-03-25 17:11:18
142	89	1	35	2	2009-03-25 17:14:11
143	46	1	10	1	2009-03-29 04:14:18
144	52	1	10	2	2009-03-31 20:39:49
145	52	1	10	3	2009-03-31 20:43:31
146	38	1	10	4	2009-04-06 05:35:17
147	77	1	10	2	2009-04-06 06:04:53
148	77	1	10	3	2009-04-06 06:05:35
149	90	1	23	2	2009-04-11 17:08:30
150	56	1	23	2	2009-04-11 18:04:37
151	89	1	35	1	2009-04-15 22:14:43
152	67	1	31	2	2009-04-20 10:30:29
153	67	1	31	1	2009-04-22 13:13:11
154	56	1	23	1	2009-04-29 16:36:55
155	90	1	23	1	2009-04-30 18:48:22
156	55	1	23	4	2009-05-01 21:12:32
157	59	1	23	2	2009-05-01 23:22:31
158	63	1	23	2	2009-05-04 00:30:54
159	42	1	23	2	2009-05-10 19:54:23
160	44	1	10	2	2009-05-11 04:59:04
161	39	1	23	2	2009-05-13 23:38:16
162	103	1	10	2	2009-05-15 06:19:26
163	103	1	10	1	2009-05-15 06:21:00
164	101	1	10	2	2009-05-18 05:06:19
165	77	2	10	1	2009-05-18 05:19:48
166	59	1	23	1	2009-05-29 14:15:17
167	82	1	35	4	2009-06-16 11:01:20
168	82	1	35	4	2009-06-16 11:11:13
169	63	1	23	1	2009-06-21 12:18:30
170	32	1	35	3	2009-06-25 17:43:48
171	86	1	35	4	2009-06-29 12:57:02
172	52	2	10	2	2009-07-02 04:51:00
173	105	1	2	1	2009-07-09 21:06:21
174	21	1	31	1	2009-07-11 09:31:22
175	21	1	31	1	2009-07-11 09:33:04
176	52	2	10	3	2009-08-10 17:52:53
177	52	3	10	2	2009-08-10 17:57:55
178	102	1	10	3	2009-08-10 18:21:28
179	98	1	10	1	2009-08-10 20:22:31
180	98	1	10	2	2009-08-10 20:28:41
181	102	2	10	1	2009-08-13 17:21:51
182	109	1	23	2	2009-08-19 23:42:32
183	92	2	10	3	2009-08-24 19:21:39
184	109	1	2	1	2009-09-01 22:03:59
185	109	1	23	1	2009-09-01 22:48:40
186	52	3	10	3	2009-09-03 00:40:15
187	34	1	6	4	2009-09-03 11:42:25
188	98	1	10	1	2009-09-04 20:21:56
189	52	4	10	1	2009-09-04 21:35:07
190	114	1	10	2	2009-09-08 15:32:06
191	114	1	10	1	2009-09-09 18:08:35
192	108	1	2	2	2009-09-23 10:06:04
193	76	1	2	1	2009-09-23 10:35:54
194	107	1	2	3	2009-10-04 20:14:14
195	92	3	10	2	2009-10-06 20:40:22
196	39	1	2	1	2009-10-10 16:18:30
197	101	1	10	3	2009-10-19 16:45:31
198	92	3	10	1	2009-11-01 18:21:53
199	115	1	10	1	2009-11-05 03:25:50
200	104	1	10	1	2009-11-05 16:11:57
201	113	1	2	1	2009-11-12 18:48:18
202	100	1	10	2	2009-11-23 01:41:28
203	108	1	2	1	2009-11-29 08:57:37
204	100	1	10	3	2009-11-30 04:22:55
205	126	1	6	1	2009-12-04 15:25:19
206	100	2	10	1	2009-12-07 04:24:34
207	116	1	23	2	2009-12-14 17:06:35
208	116	1	23	1	2009-12-15 17:59:20
209	95	1	10	1	2009-12-18 20:05:19
210	126	1	6	2	2009-12-22 10:20:46
211	136	1	6	1	2009-12-23 00:44:58
212	73	1	31	1	2010-01-01 18:51:48
213	107	2	2	2	2010-01-05 00:35:12
214	142	1	10	4	2010-01-11 19:12:02
215	143	1	10	4	2010-01-11 19:14:23
216	144	1	10	4	2010-01-14 22:07:48
217	101	2	10	1	2010-01-25 04:42:48
218	44	1	10	1	2010-02-04 04:46:52
219	110	1	10	1	2010-02-17 21:30:42
220	135	1	10	2	2010-03-09 19:35:47
221	40	2	10	1	2010-03-17 19:38:38
222	135	1	10	3	2010-03-17 19:45:10
223	149	1	10	4	2010-04-07 21:22:41
224	146	1	2	2	2010-04-16 17:26:54
225	135	2	10	1	2010-04-17 04:18:16
226	146	1	2	1	2010-04-20 18:13:42
227	112	1	10	2	2010-04-20 18:20:53
228	125	1	23	2	2010-04-22 00:22:55
229	148	1	10	2	2010-04-26 15:27:40
230	125	1	23	1	2010-05-01 12:30:12
231	112	1	10	3	2010-05-09 21:22:32
232	148	1	10	3	2010-05-15 18:36:28
233	152	1	10	4	2010-06-06 22:08:52
234	153	1	10	4	2010-06-06 22:20:06
235	158	1	6	1	2010-06-09 14:57:41
236	160	1	10	4	2010-06-20 10:38:42
237	107	2	2	1	2010-06-30 02:47:20
238	163	1	6	1	2010-07-02 11:12:49
239	164	1	6	1	2010-07-02 11:17:19
240	120	1	2	2	2010-07-13 22:10:36
241	111	1	10	1	2010-07-14 06:37:42
242	126	1	10	2	2010-07-25 23:34:27
243	171	1	6	1	2010-08-23 11:00:42
244	126	1	10	1	2010-08-25 20:40:50
245	112	2	10	1	2010-08-31 00:25:35
246	148	2	10	1	2010-09-09 19:09:47
247	174	1	6	1	2010-09-15 13:08:33
248	169	1	10	4	2010-09-16 15:59:12
249	175	1	6	1	2010-09-22 23:33:11
250	176	1	6	1	2010-09-22 23:50:13
251	156	1	10	2	2010-09-30 04:05:29
252	156	1	10	1	2010-10-01 21:47:29
253	119	1	23	2	2010-10-21 14:47:56
254	120	1	2	1	2010-10-21 15:11:39
255	128	1	46	4	2010-10-23 16:01:01
256	131	1	46	2	2010-10-23 17:31:48
257	119	1	23	1	2010-11-27 04:01:53
258	173	1	10	2	2010-11-30 21:41:35
259	173	1	10	1	2010-12-08 23:45:11
260	141	1	10	4	2010-12-09 19:13:15
261	154	1	46	1	2010-12-23 13:10:39
262	131	1	46	1	2010-12-23 16:08:46
263	131	1	46	1	2010-12-23 16:11:01
264	129	1	46	1	2010-12-23 16:15:12
265	187	1	10	4	2011-02-03 16:37:32
266	191	1	6	1	2011-02-14 22:28:45
267	192	1	6	1	2011-02-14 22:58:38
268	193	1	6	1	2011-02-14 23:05:18
269	194	1	6	1	2011-02-14 23:13:38
270	159	1	6	1	2011-02-14 23:23:32
271	195	1	6	1	2011-02-16 11:20:50
272	196	1	6	1	2011-02-16 11:30:49
273	197	1	6	1	2011-02-16 12:01:55
274	198	1	6	1	2011-02-19 21:49:15
275	199	1	6	1	2011-02-19 22:00:47
276	200	1	6	1	2011-02-19 22:23:17
277	121	1	10	2	2011-03-14 19:31:10
278	145	1	10	2	2011-03-14 19:33:10
279	170	1	10	2	2011-03-14 19:47:49
280	145	1	10	3	2011-03-17 13:35:57
281	183	1	490	2	2011-03-18 00:14:23
282	177	1	2	1	2011-04-04 20:32:23
283	177	1	2	1	2011-04-04 20:32:57
284	162	1	2	2	2011-04-10 11:09:22
285	145	2	10	1	2011-04-18 18:43:45
286	180	1	42	2	2011-04-21 12:08:07
287	180	1	42	1	2011-04-26 15:59:36
288	208	1	42	4	2011-04-27 10:57:17
289	208	1	42	4	2011-04-27 11:17:39
290	162	1	2	1	2011-05-01 23:58:13
291	209	1	42	4	2011-05-08 19:08:00
292	210	1	42	4	2011-05-08 23:38:37
293	211	1	42	4	2011-05-09 00:13:56
294	121	1	10	1	2011-05-15 14:00:15
295	202	1	42	1	2011-05-20 19:17:10
296	218	1	42	4	2011-07-21 16:00:52
297	213	1	42	1	2011-07-21 16:07:54
298	166	1	10	1	2011-07-29 18:59:48
299	127	1	6	1	2011-07-30 22:13:34
300	219	1	2	2	2011-08-23 16:15:08
301	150	1	2	1	2011-08-24 20:50:31
302	215	1	42	4	2011-09-06 13:31:24
303	179	1	10	1	2011-09-07 20:52:27
304	221	1	42	4	2011-09-22 21:12:20
305	208	1	42	4	2011-09-22 21:28:47
306	207	1	42	2	2011-09-24 21:10:37
307	206	1	42	2	2011-09-25 21:07:48
308	207	1	42	1	2011-09-29 21:03:06
309	233	1	42	4	2011-09-29 23:56:04
310	233	1	42	4	2011-09-30 00:08:19
311	232	1	77	4	2011-09-30 23:40:19
312	123	1	23	4	2011-10-03 22:09:10
313	216	1	42	2	2011-10-12 18:06:20
314	168	1	2	1	2011-10-13 15:25:29
315	134	1	2	4	2011-10-13 21:26:20
316	245	1	6	1	2011-10-18 11:50:38
317	181	1	490	3	2011-10-20 23:50:10
318	181	1	490	2	2011-10-20 23:51:16
319	249	1	6	1	2011-10-22 16:35:16
320	188	1	10	4	2011-10-25 03:55:07
321	254	1	6	1	2011-10-27 22:59:48
322	252	1	77	4	2011-10-31 00:34:04
323	236	1	42	4	2011-11-01 20:17:10
324	253	1	77	4	2011-11-04 20:08:10
325	237	1	77	2	2011-11-10 23:54:02
326	231	1	42	1	2011-11-11 21:01:29
327	272	1	42	4	2011-11-11 21:12:08
328	278	1	6	1	2011-11-24 00:40:13
329	216	1	42	1	2011-11-28 23:44:58
330	239	1	42	4	2011-11-28 23:50:30
331	172	1	10	2	2011-11-30 17:33:10
332	186	1	42	4	2011-12-01 15:15:39
333	186	1	42	4	2011-12-01 15:17:01
334	227	1	42	4	2011-12-01 15:24:23
335	228	1	42	1	2011-12-01 16:25:23
336	233	1	42	4	2011-12-01 21:21:29
337	290	1	6	1	2011-12-07 15:34:50
338	243	1	77	2	2011-12-09 14:21:48
339	237	1	77	3	2011-12-12 10:36:19
340	271	1	77	2	2011-12-12 10:49:15
341	201	1	42	1	2011-12-22 21:20:32
342	240	1	77	2	2011-12-24 08:09:14
343	251	1	77	2	2011-12-24 09:53:01
344	271	1	77	1	2011-12-26 15:14:49
345	270	1	77	2	2011-12-28 08:44:02
346	293	1	42	4	2011-12-30 23:27:54
347	182	1	42	1	2011-12-30 23:36:20
348	172	1	10	1	2012-01-02 20:36:38
349	219	1	2	1	2012-01-04 20:54:33
350	287	1	600	2	2012-01-09 09:10:09
351	256	1	77	2	2012-01-09 22:27:42
352	281	1	77	2	2012-01-12 07:46:17
353	291	1	77	1	2012-01-15 09:26:43
354	256	1	77	3	2012-01-16 22:45:13
355	214	1	77	2	2012-01-17 08:36:16
356	282	1	600	2	2012-01-18 09:26:44
357	237	2	77	2	2012-01-19 17:38:49
358	2	1	6	2	2012-01-19 21:26:18
359	237	2	77	1	2012-01-20 10:18:15
360	212	1	42	2	2012-01-20 23:16:53
361	301	1	10	4	2012-01-22 00:15:30
362	251	1	77	1	2012-01-22 13:00:15
363	270	1	77	3	2012-01-22 16:29:58
364	206	1	42	1	2012-01-23 22:36:20
365	240	1	77	3	2012-01-26 18:47:34
366	264	1	77	2	2012-01-27 15:01:21
367	247	1	77	2	2012-01-28 08:19:46
368	189	1	490	1	2012-01-28 23:42:55
369	189	1	490	2	2012-01-28 23:43:13
370	189	1	490	2	2012-01-28 23:44:31
371	183	1	490	1	2012-01-28 23:51:01
372	170	1	10	3	2012-01-30 03:30:12
373	256	2	77	2	2012-01-30 19:59:58
374	255	1	77	2	2012-01-30 20:50:52
375	212	1	42	1	2012-01-31 22:43:22
376	256	2	77	1	2012-02-04 15:21:59
377	248	1	77	2	2012-02-06 10:04:13
378	273	1	42	2	2012-02-09 20:19:24
379	298	1	10	4	2012-02-16 21:25:07
380	300	1	10	4	2012-02-19 18:42:12
381	296	1	10	4	2012-02-19 23:00:05
382	287	1	600	3	2012-02-20 10:26:26
383	286	1	600	2	2012-02-20 11:20:31
384	204	1	2	1	2012-02-24 01:08:44
385	287	2	600	2	2012-02-24 08:16:16
386	289	1	600	3	2012-03-02 09:00:43
387	247	1	77	3	2012-03-03 09:27:10
388	255	1	77	3	2012-03-03 09:41:39
389	189	1	490	1	2012-03-03 19:56:55
390	292	1	42	4	2012-03-06 23:40:19
391	186	1	42	4	2012-03-06 23:51:26
392	233	1	42	4	2012-03-06 23:53:51
393	235	1	42	1	2012-03-07 00:00:41
394	235	1	42	1	2012-03-07 00:01:31
395	287	2	600	1	2012-03-14 08:47:21
396	244	1	77	2	2012-03-15 09:25:46
397	170	2	10	1	2012-03-20 03:26:13
398	250	1	42	1	2012-03-20 04:03:18
399	250	1	42	1	2012-03-20 04:05:36
400	273	1	42	1	2012-03-20 04:50:57
401	270	2	77	2	2012-03-23 07:07:46
402	165	1	10	2	2012-03-27 03:44:00
403	283	1	42	3	2012-03-27 21:01:41
404	283	1	42	2	2012-03-27 21:07:43
405	248	1	77	1	2012-03-28 09:36:41
406	244	1	77	1	2012-03-28 09:45:57
407	246	1	77	2	2012-03-28 09:52:26
408	276	1	77	2	2012-04-01 14:55:58
409	317	1	10	4	2012-04-03 16:48:06
410	295	1	600	2	2012-04-06 08:00:26
411	217	1	2	1	2012-04-08 09:33:33
412	246	1	77	1	2012-04-09 10:06:50
413	240	2	77	1	2012-04-09 10:19:25
414	283	1	42	4	2012-04-10 21:25:53
415	286	1	600	1	2012-04-11 08:03:59
416	270	2	77	1	2012-04-12 18:52:18
417	326	1	6	1	2012-04-22 18:54:05
418	324	1	6	1	2012-04-22 18:56:29
419	325	1	6	1	2012-04-22 18:57:36
420	323	1	6	1	2012-04-22 18:58:08
421	327	1	6	1	2012-04-22 21:13:06
422	276	1	77	3	2012-04-23 19:49:52
423	282	1	600	1	2012-04-25 16:55:19
424	243	1	77	1	2012-04-26 20:23:44
425	264	1	77	3	2012-04-30 20:11:24
426	261	1	77	4	2012-05-08 20:33:47
427	333	1	6	1	2012-05-09 10:27:36
428	165	1	10	1	2012-05-10 19:17:46
429	295	1	600	1	2012-05-11 13:37:42
430	280	1	77	2	2012-05-11 14:21:44
431	262	1	77	2	2012-05-13 16:40:10
432	322	1	10	4	2012-05-22 20:13:19
433	118	1	10	1	2012-05-29 10:03:23
434	337	1	10	4	2012-05-29 10:07:40
435	203	1	2	1	2012-05-29 16:20:55
436	222	1	2	2	2012-06-05 04:06:59
437	222	1	2	1	2012-06-05 06:12:07
438	342	1	6	1	2012-06-15 16:45:55
439	345	1	6	1	2012-06-26 15:04:16
440	280	1	77	1	2012-07-02 17:08:43
441	334	1	77	2	2012-07-04 07:02:38
442	294	1	77	2	2012-07-05 00:12:44
443	42	1	2	4	2012-07-06 15:13:13
444	42	1	2	2	2012-07-06 15:16:02
445	48	1	10	4	2012-07-06 15:20:32
446	347	1	10	4	2012-07-07 16:38:35
447	343	1	10	4	2012-07-08 22:26:11
448	294	1	77	1	2012-07-09 22:16:02
449	344	1	10	4	2012-07-10 10:15:00
450	328	1	10	2	2012-07-12 09:13:09
451	264	2	77	4	2012-07-15 00:23:58
452	255	2	77	2	2012-07-15 00:31:06
479	362	1	2	1	2012-09-07 00:06:51
454	358	1	10	4	2012-07-29 22:19:14
455	354	1	10	4	2012-07-29 22:28:07
456	351	1	10	4	2012-07-29 22:51:51
457	349	1	10	4	2012-07-29 23:17:33
458	348	1	10	4	2012-07-29 23:23:03
459	360	1	6	1	2012-07-30 11:09:32
460	328	1	10	1	2012-07-31 23:32:02
461	355	1	10	4	2012-08-06 04:30:11
462	361	1	10	4	2012-08-06 04:44:55
463	259	1	77	2	2012-08-09 15:41:03
464	276	2	77	2	2012-08-10 22:31:24
465	363	1	6	1	2012-08-12 20:29:40
466	269	1	77	2	2012-08-15 22:28:04
467	340	1	10	4	2012-08-16 21:15:22
468	269	1	77	1	2012-08-19 18:14:56
469	309	1	10	1	2012-08-20 02:55:03
470	350	1	10	4	2012-08-23 03:37:35
471	334	1	77	3	2012-08-23 12:31:51
472	259	1	77	1	2012-08-25 09:13:21
473	255	2	77	3	2012-08-28 09:25:28
474	368	1	10	4	2012-08-29 03:54:03
475	364	1	10	4	2012-08-29 04:05:00
476	255	3	77	1	2012-09-02 21:25:37
477	315	1	77	2	2012-09-02 21:29:41
478	262	1	77	3	2012-09-04 11:13:39
480	329	1	10	4	2012-09-13 03:47:41
481	275	1	10	1	2012-09-13 19:08:22
482	258	1	77	2	2012-09-14 20:27:47
483	380	1	6	1	2012-09-17 10:24:09
484	380	1	6	2	2012-09-17 11:04:25
485	318	1	10	4	2012-09-18 16:19:47
486	306	1	10	1	2012-09-18 18:54:34
487	262	2	77	1	2012-09-19 15:37:50
488	375	1	10	4	2012-09-22 23:20:17
489	378	1	10	4	2012-09-22 23:24:58
490	190	1	10	2	2012-09-24 20:25:06
491	311	1	10	2	2012-09-24 20:26:04
492	379	1	10	4	2012-09-26 18:54:44
493	383	1	10	4	2012-09-26 19:59:35
494	384	1	10	4	2012-09-28 01:19:26
495	258	1	77	3	2012-09-29 00:31:11
496	276	2	77	1	2012-10-01 17:15:42
497	258	2	77	1	2012-10-02 20:29:12
498	388	1	10	4	2012-10-03 17:49:12
499	365	1	10	4	2012-10-05 21:56:24
500	367	1	10	4	2012-10-05 21:57:19
501	376	1	10	4	2012-10-05 21:58:13
502	359	1	10	2	2012-10-07 18:20:51
503	320	1	77	2	2012-10-09 20:53:58
504	385	1	10	4	2012-10-10 18:45:18
505	372	1	10	4	2012-10-11 03:33:54
506	387	1	10	4	2012-10-11 03:45:17
507	329	1	10	3	2012-10-11 04:00:49
508	389	1	10	4	2012-10-11 04:50:23
509	297	1	10	2	2012-10-21 22:10:31
510	335	1	10	1	2012-10-24 23:23:20
511	310	1	2	1	2012-10-25 07:27:54
512	398	1	2	1	2012-10-26 04:59:37
513	398	1	2	1	2012-10-26 05:00:10
514	311	1	10	1	2012-10-27 20:01:03
515	263	1	77	1	2012-10-28 08:23:17
516	313	1	10	1	2012-10-29 22:22:30
517	289	1	600	1	2012-10-30 12:27:35
518	288	1	600	2	2012-10-30 12:45:08
519	247	2	77	1	2012-10-31 08:29:10
520	402	1	6	1	2012-11-01 18:48:32
521	404	1	10	4	2012-11-05 19:23:20
522	401	1	10	4	2012-11-05 19:26:40
523	396	1	10	4	2012-11-05 19:46:04
524	214	1	77	3	2012-11-06 21:50:03
525	394	1	10	4	2012-11-14 14:49:36
526	395	1	10	4	2012-11-14 15:12:40
527	288	1	600	1	2012-11-19 11:28:07
528	357	1	10	2	2012-11-26 22:01:23
529	399	1	10	4	2012-11-27 20:22:10
530	405	1	10	4	2012-11-28 16:55:37
531	407	1	10	4	2012-11-28 21:18:22
532	299	1	10	1	2012-11-30 19:08:03
533	400	1	10	4	2012-12-05 18:04:12
534	410	1	10	4	2012-12-08 14:50:36
535	414	1	10	4	2012-12-08 15:02:01
536	412	1	10	4	2012-12-09 18:03:23
537	390	1	10	1	2012-12-13 22:08:13
538	413	1	10	4	2012-12-13 22:13:19
539	417	1	10	4	2012-12-13 22:29:00
540	422	1	10	4	2012-12-16 15:00:54
541	357	1	10	1	2013-01-05 15:09:54
542	427	1	10	4	2013-01-08 17:15:18
543	429	1	77	4	2013-01-12 11:17:11
544	226	1	77	2	2013-01-14 22:40:27
545	377	1	10	2	2013-01-15 18:01:06
546	229	1	77	2	2013-01-16 09:12:05
547	346	1	10	2	2013-01-18 15:27:09
548	336	1	10	4	2013-01-20 22:55:45
549	424	1	10	4	2013-01-22 18:47:52
550	434	1	10	4	2013-01-23 19:38:38
551	181	1	490	1	2013-01-25 19:13:34
552	242	1	77	4	2013-01-26 19:46:35
553	226	1	77	1	2013-01-30 18:11:10
554	332	1	10	2	2013-02-04 00:48:24
555	334	2	77	2	2013-02-07 00:20:14
556	297	1	10	1	2013-02-08 18:36:52
557	435	1	10	4	2013-02-12 18:11:36
558	433	1	10	4	2013-02-13 17:18:24
559	229	1	77	1	2013-02-13 19:26:23
560	442	1	10	4	2013-02-14 19:04:43
561	437	1	10	4	2013-02-14 22:26:07
562	241	1	77	2	2013-02-17 16:29:53
563	439	1	10	4	2013-02-25 00:04:40
564	444	1	10	4	2013-02-25 00:11:36
565	447	1	10	4	2013-02-25 00:17:14
566	241	1	77	3	2013-02-26 09:13:33
567	302	1	77	2	2013-02-26 22:22:02
568	190	1	10	1	2013-03-01 03:51:52
569	214	2	77	2	2013-03-17 09:02:36
570	359	1	10	1	2013-03-17 18:12:53
571	457	1	10	4	2013-03-17 23:37:11
572	334	2	77	1	2013-03-19 08:20:31
573	214	2	77	3	2013-03-28 21:49:21
574	460	1	10	4	2013-04-01 16:15:12
575	373	1	10	1	2013-04-04 16:45:53
576	464	1	10	4	2013-04-04 18:00:04
577	392	1	10	1	2013-04-09 22:24:31
578	472	1	10	4	2013-04-11 04:51:36
579	473	1	10	4	2013-04-11 04:55:46
580	214	3	77	2	2013-04-16 23:01:50
581	474	1	10	4	2013-04-18 03:36:42
582	302	1	77	3	2013-04-18 20:29:48
583	477	1	10	4	2013-04-19 16:07:51
584	302	2	77	1	2013-04-20 00:44:27
585	214	3	77	1	2013-04-23 10:23:47
586	315	1	77	3	2013-04-25 10:44:56
587	241	2	77	2	2013-04-30 17:29:14
588	479	1	10	4	2013-05-05 18:46:15
589	480	1	10	4	2013-05-05 18:55:06
590	483	1	10	4	2013-05-06 17:53:01
591	220	1	600	2	2013-05-08 11:20:05
592	304	1	10	1	2013-05-09 14:30:53
593	487	1	10	4	2013-05-24 23:42:35
594	312	1	10	2	2013-05-28 15:43:36
595	329	2	10	4	2013-06-04 03:37:15
596	397	1	10	4	2013-06-04 04:47:53
597	315	2	77	2	2013-06-06 21:35:05
598	485	1	10	4	2013-06-07 17:20:57
599	497	1	10	4	2013-06-07 21:19:03
600	391	1	10	1	2013-06-12 19:03:56
601	386	1	10	1	2013-06-12 19:16:47
602	314	1	10	4	2013-06-14 17:15:25
603	455	1	10	4	2013-06-15 16:47:15
604	315	2	77	1	2013-06-18 22:45:23
605	346	1	10	1	2013-06-20 10:53:49
606	500	1	10	4	2013-06-26 12:08:44
607	490	1	10	4	2013-06-28 07:49:08
608	503	1	10	4	2013-07-12 04:02:23
609	506	1	10	4	2013-07-16 04:09:31
610	512	1	10	4	2013-07-17 04:07:21
611	419	1	10	2	2013-07-20 18:23:45
612	341	1	10	2	2013-07-23 03:40:06
613	505	1	10	4	2013-07-23 03:51:47
614	515	1	1287	4	2013-07-25 00:20:34
615	515	1	1287	4	2013-07-25 00:20:57
616	418	1	10	4	2013-07-30 00:12:11
617	220	1	2109	2	2013-08-07 08:08:09
618	330	1	10	1	2013-08-08 20:05:14
619	498	1	10	4	2013-08-09 23:52:12
620	419	1	10	3	2013-08-11 22:16:47
621	459	1	10	1	2013-08-14 17:35:26
622	341	1	10	1	2013-08-15 18:47:15
623	523	1	1287	4	2013-08-16 12:53:40
624	522	1	1287	4	2013-08-16 22:02:37
625	522	1	1287	4	2013-08-16 22:12:22
626	519	1	10	4	2013-08-17 03:41:21
627	420	1	10	1	2013-08-17 03:45:55
628	312	1	10	1	2013-08-25 17:20:37
629	525	1	1287	4	2013-08-26 17:12:45
630	432	1	10	1	2013-08-28 22:44:34
631	366	1	10	1	2013-08-28 23:15:42
632	220	1	2109	1	2013-08-29 12:36:18
633	508	1	1287	1	2013-08-31 23:02:57
634	546	1	1287	4	2013-09-29 17:53:53
635	356	1	10	1	2013-10-10 23:54:02
636	492	1	77	2	2013-10-13 13:32:27
637	492	1	77	1	2013-10-16 13:15:36
638	320	1	77	3	2013-10-19 23:21:07
639	451	1	10	1	2013-10-20 19:06:47
640	381	1	10	1	2013-10-22 16:54:02
641	527	1	77	2	2013-11-01 13:12:44
642	241	2	77	3	2013-11-30 10:26:52
643	456	1	10	1	2013-12-01 02:03:08
644	320	2	77	2	2013-12-02 09:45:52
645	580	1	10	4	2013-12-04 20:35:33
646	509	1	77	2	2013-12-07 23:20:20
647	579	1	2	1	2013-12-07 23:34:02
648	509	1	2	1	2013-12-08 02:33:26
649	241	3	77	2	2013-12-14 10:12:39
650	520	1	10	1	2013-12-16 22:31:11
651	241	3	77	1	2013-12-17 07:32:19
652	582	1	10	4	2013-12-17 20:39:19
653	583	1	10	4	2013-12-17 20:48:05
654	561	1	2	1	2013-12-19 04:09:20
655	419	2	10	1	2013-12-19 19:15:22
656	589	1	10	4	2013-12-22 23:58:24
657	537	1	77	2	2014-01-16 19:11:24
658	588	1	10	4	2014-01-20 16:39:41
659	595	1	10	4	2014-01-21 01:14:02
660	602	1	10	4	2014-01-24 00:41:59
661	592	1	10	4	2014-01-25 17:33:00
662	603	1	10	4	2014-01-25 17:37:32
663	415	1	10	1	2014-01-25 22:42:16
664	605	1	6	1	2014-01-26 20:57:55
665	606	1	6	1	2014-01-26 21:05:03
666	599	1	10	4	2014-01-28 01:59:00
667	597	1	10	4	2014-01-30 01:12:26
668	608	1	1287	4	2014-01-31 09:57:17
669	554	1	77	2	2014-02-01 22:06:15
670	332	1	10	1	2014-02-05 17:12:03
671	554	1	77	1	2014-02-09 17:49:53
672	610	1	10	4	2014-02-10 03:48:54
673	534	1	77	2	2014-02-10 15:05:33
674	521	1	77	2	2014-02-13 19:41:25
675	534	1	77	3	2014-02-16 18:33:19
676	607	1	10	4	2014-02-17 01:53:04
677	612	1	1287	4	2014-02-21 07:06:13
678	613	1	10	4	2014-02-21 16:41:02
679	403	1	10	1	2014-02-21 19:47:01
680	577	1	10	4	2014-02-22 00:25:42
681	618	1	6	1	2014-02-22 21:45:08
682	618	1	6	1	2014-02-22 21:50:35
683	619	1	6	1	2014-02-22 21:53:54
684	428	1	10	1	2014-02-23 16:12:44
685	618	1	2	1	2014-02-25 16:44:53
686	537	1	77	3	2014-03-02 00:05:10
687	513	1	77	2	2014-03-02 16:40:40
688	527	1	77	1	2014-03-02 16:50:29
689	406	1	10	3	2014-03-03 22:20:18
690	499	1	10	1	2014-03-08 16:30:08
691	623	1	10	4	2014-03-08 16:38:33
692	521	1	77	1	2014-03-09 14:57:00
693	455	1	10	2	2014-03-11 18:57:11
694	455	1	10	1	2014-03-11 19:03:06
695	528	1	1287	1	2014-03-12 13:17:31
696	518	1	10	1	2014-03-13 18:55:31
697	625	1	10	4	2014-03-18 15:46:05
698	622	1	10	4	2014-03-20 01:47:59
699	627	1	10	4	2014-03-23 16:43:07
700	615	1	10	4	2014-03-26 20:36:20
701	621	1	10	4	2014-03-26 20:39:02
702	513	1	77	3	2014-03-29 19:44:22
703	540	1	77	2	2014-03-31 13:50:23
704	467	1	10	1	2014-04-02 22:36:05
705	634	1	10	4	2014-04-05 20:19:24
706	628	1	10	4	2014-04-06 17:38:36
707	637	1	10	4	2014-04-07 00:42:11
708	636	1	10	4	2014-04-07 02:14:24
709	649	1	1287	4	2014-04-08 17:02:29
710	624	1	10	4	2014-04-13 21:31:44
711	651	1	1287	4	2014-04-14 11:34:11
712	475	1	10	4	2014-04-16 02:22:09
713	581	1	10	1	2014-04-18 21:15:28
714	630	1	10	4	2014-04-19 19:47:54
715	640	1	10	4	2014-04-19 19:50:37
716	458	1	10	1	2014-04-22 18:35:51
717	450	1	10	1	2014-04-23 15:43:36
718	513	2	77	2	2014-04-27 23:39:15
719	537	2	77	2	2014-04-28 23:04:34
720	406	2	10	1	2014-04-29 23:31:57
721	513	2	77	1	2014-04-30 12:53:20
722	596	1	1287	4	2014-05-04 16:20:37
723	644	1	1287	2	2014-05-04 16:24:14
724	557	1	77	2	2014-05-04 23:01:59
725	516	1	1287	1	2014-05-05 10:54:46
726	516	1	1287	2	2014-05-05 10:55:12
727	536	1	1287	4	2014-05-05 14:50:41
728	576	1	1287	2	2014-05-05 15:13:12
729	658	1	1287	4	2014-05-07 18:09:08
730	652	1	1287	4	2014-05-08 09:40:42
731	537	2	77	1	2014-05-08 17:12:21
732	559	1	77	2	2014-05-10 09:10:55
733	661	1	77	2	2014-05-10 14:10:06
734	626	1	77	2	2014-05-10 14:16:40
735	661	1	77	3	2014-05-11 14:02:21
736	655	1	1287	4	2014-05-12 19:02:21
737	661	2	77	2	2014-05-13 18:18:07
738	626	1	77	1	2014-05-13 18:21:49
739	661	2	77	3	2014-05-14 08:07:10
740	661	3	77	2	2014-05-14 11:48:15
741	661	3	77	1	2014-05-15 16:13:23
742	540	1	77	3	2014-05-15 20:34:38
743	320	2	77	1	2014-05-17 06:07:51
744	671	1	1287	4	2014-05-19 14:46:37
745	616	1	10	1	2014-05-20 06:47:19
746	478	1	10	1	2014-05-24 13:01:51
747	540	2	77	2	2014-05-27 19:28:32
748	677	1	1287	4	2014-06-03 12:24:46
749	638	1	1287	4	2014-06-03 12:47:09
750	638	1	1287	4	2014-06-03 12:47:19
751	559	1	77	1	2014-06-03 20:24:03
752	664	1	10	4	2014-06-04 13:28:36
753	653	1	10	4	2014-06-04 14:13:45
754	557	1	77	1	2014-06-05 02:47:36
755	668	1	10	4	2014-06-06 19:32:03
756	486	1	10	1	2014-06-07 15:11:44
757	681	1	1287	4	2014-06-10 05:59:09
758	352	1	10	1	2014-06-14 14:19:33
759	534	2	77	2	2014-06-15 13:45:31
760	438	1	10	1	2014-06-23 19:30:31
761	672	1	29	4	2014-06-29 14:33:57
762	692	1	77	4	2014-06-30 12:15:34
763	534	2	77	1	2014-06-30 12:17:02
764	541	1	1287	2	2014-07-07 08:11:34
765	697	1	1287	4	2014-07-08 08:21:52
766	698	1	1287	4	2014-07-08 09:10:35
767	666	1	10	4	2014-07-09 20:11:30
768	678	1	10	4	2014-07-09 20:16:49
769	542	1	1287	4	2014-07-11 09:23:35
770	701	1	1287	4	2014-07-14 05:12:58
771	676	1	10	1	2014-07-14 22:40:22
772	644	1	6	1	2014-07-15 13:07:09
773	329	2	10	1	2014-07-21 16:13:20
774	476	1	10	4	2014-07-21 20:07:02
775	696	1	10	4	2014-07-23 21:23:49
776	693	1	10	4	2014-07-23 21:26:23
777	679	1	10	4	2014-07-23 22:52:04
778	700	1	1287	4	2014-07-24 07:11:16
779	709	1	5	1	2014-08-04 06:24:21
780	685	1	10	4	2014-08-04 16:09:42
781	702	1	10	4	2014-08-06 14:51:14
782	711	1	1287	4	2014-08-12 06:23:08
783	491	1	10	1	2014-08-17 19:21:20
784	688	1	1287	4	2014-08-19 09:37:42
785	694	1	10	4	2014-08-24 21:45:07
786	566	1	10	1	2014-08-29 16:20:07
787	673	1	29	2	2014-08-30 08:31:18
788	710	1	10	4	2014-08-31 15:47:14
789	707	1	10	4	2014-08-31 20:30:09
790	593	1	10	1	2014-09-10 23:11:50
791	686	1	10	4	2014-09-17 16:55:16
792	719	1	10	4	2014-09-19 02:40:31
793	725	1	29	4	2014-09-20 14:10:26
794	728	1	29	4	2014-09-20 14:38:52
795	726	1	29	4	2014-09-20 14:43:12
796	540	2	77	1	2014-09-21 08:17:16
797	541	1	6	1	2014-09-25 11:24:56
798	430	1	10	1	2014-09-26 00:45:16
799	714	1	10	4	2014-09-28 15:29:13
800	703	1	10	1	2014-09-28 16:04:08
801	706	1	10	1	2014-09-28 16:12:40
802	718	1	10	4	2014-09-29 00:45:37
803	665	1	77	2	2014-09-29 21:05:32
804	723	1	1287	4	2014-09-30 10:11:55
805	576	1	1287	1	2014-10-01 04:49:04
806	727	1	1287	4	2014-10-01 04:57:50
807	657	1	77	2	2014-10-02 10:17:53
808	516	1	1287	1	2014-10-09 05:34:14
809	564	1	1287	1	2014-10-09 05:39:24
810	564	1	1287	1	2014-10-09 05:40:35
811	721	1	1287	4	2014-10-09 11:14:34
812	682	1	10	4	2014-10-13 15:46:34
813	734	1	10	4	2014-10-13 16:12:35
814	736	1	10	4	2014-10-13 16:17:45
815	737	1	10	4	2014-10-13 16:22:32
816	741	1	10	4	2014-10-13 16:45:40
817	569	1	1287	4	2014-10-15 04:34:22
818	743	1	1287	4	2014-10-18 07:15:24
819	745	1	1287	4	2014-10-18 07:18:36
820	715	1	1287	1	2014-10-21 04:35:03
821	715	1	1287	2	2014-10-21 04:41:24
822	670	1	1287	2	2014-10-21 10:52:49
823	750	1	1287	4	2014-10-23 09:52:42
824	584	1	10	3	2014-10-23 13:46:03
825	639	1	29	1	2014-10-23 15:45:44
826	673	1	29	1	2014-10-24 14:03:39
827	502	1	1287	2	2014-10-25 07:14:50
828	752	1	1287	4	2014-10-27 09:26:59
829	756	1	1287	4	2014-10-28 05:57:18
830	680	1	1287	4	2014-10-30 06:31:25
831	715	1	1287	1	2014-10-30 13:49:00
832	496	1	10	3	2014-10-31 00:50:40
833	760	1	10	4	2014-11-04 20:35:51
834	713	1	10	4	2014-11-04 20:36:57
835	761	1	1287	4	2014-11-05 05:43:56
836	762	1	1287	4	2014-11-05 05:46:25
837	748	1	1287	4	2014-11-07 06:57:56
838	665	1	77	3	2014-11-08 23:11:07
839	657	1	77	3	2014-11-11 11:17:48
840	747	1	1287	2	2014-11-12 07:42:56
841	665	2	77	1	2014-11-13 17:01:45
842	665	2	77	2	2014-11-13 17:02:02
843	665	2	77	1	2014-11-13 18:36:20
844	642	1	10	2	2014-11-17 17:52:46
845	768	1	2	1	2014-11-19 21:10:54
846	767	1	1287	4	2014-11-20 12:03:09
847	746	1	2	2	2014-11-20 14:43:22
848	670	1	1287	1	2014-11-23 17:47:44
849	772	1	1287	4	2014-11-28 06:33:36
850	746	1	2	1	2014-12-03 10:26:33
851	742	1	10	4	2014-12-04 18:34:00
852	704	1	1287	4	2014-12-05 14:09:44
853	764	1	10	4	2014-12-06 20:09:44
854	766	1	10	4	2014-12-11 15:35:48
855	747	1	1287	1	2014-12-15 14:16:16
856	773	1	1287	4	2014-12-22 11:20:22
857	667	1	77	2	2014-12-23 11:44:41
858	565	1	6	4	2014-12-27 11:38:31
859	786	1	6	1	2014-12-27 12:05:18
860	496	2	10	1	2014-12-27 19:36:11
861	617	1	10	2	2014-12-28 23:47:48
862	667	1	77	1	2014-12-29 22:07:25
863	785	1	1287	4	2014-12-30 07:42:41
864	777	1	10	4	2014-12-30 22:12:50
865	789	1	1287	4	2014-12-31 07:53:04
866	631	1	10	4	2015-01-05 00:05:08
867	799	1	77	1	2015-01-16 07:32:14
868	800	1	1287	4	2015-01-21 11:26:33
869	798	1	1287	4	2015-02-01 17:29:10
870	803	1	1287	4	2015-02-01 17:48:43
871	802	1	1287	4	2015-02-01 17:52:57
872	600	1	10	1	2015-02-08 20:50:47
873	591	1	10	1	2015-02-08 20:56:54
874	808	1	1287	4	2015-02-11 10:48:13
875	502	1	1287	1	2015-02-11 10:49:33
876	689	1	10	4	2015-02-15 21:09:52
877	814	1	1287	4	2015-02-19 05:48:33
878	584	2	10	1	2015-02-20 17:50:06
879	657	2	77	2	2015-02-20 22:59:36
880	820	1	1287	4	2015-02-21 07:38:37
881	816	1	10	4	2015-02-27 01:24:01
882	821	1	1287	4	2015-02-27 09:22:48
883	657	2	77	1	2015-03-06 22:51:10
884	822	1	1287	4	2015-03-10 05:56:40
885	494	1	10	1	2015-03-10 20:27:18
886	771	1	1287	2	2015-03-12 08:48:13
887	824	1	1287	4	2015-03-15 16:25:04
888	826	1	1287	4	2015-03-18 09:07:07
889	642	1	10	1	2015-03-19 19:53:58
890	771	1	1287	1	2015-03-26 09:59:22
891	828	1	1287	4	2015-03-28 08:23:06
892	829	1	1287	4	2015-04-01 07:31:02
893	830	1	1287	4	2015-04-03 09:47:30
894	650	1	10	2	2015-04-03 20:33:31
895	810	1	2	2	2015-04-06 17:07:12
896	801	1	2	2	2015-04-06 17:15:54
897	781	1	10	1	2015-04-08 15:39:23
898	587	1	10	1	2015-04-09 15:48:05
899	807	1	10	4	2015-04-09 19:43:20
900	778	1	29	4	2015-04-10 04:00:12
901	778	1	29	4	2015-04-10 04:03:17
902	779	1	29	4	2015-04-10 04:04:03
903	779	1	29	4	2015-04-10 04:07:32
904	778	1	29	4	2015-04-10 04:35:27
905	758	1	1287	3	2015-04-10 08:29:35
906	835	1	1287	4	2015-04-11 06:07:25
907	810	1	2	2	2015-04-12 03:33:17
908	810	1	2	1	2015-04-14 00:03:18
909	609	1	10	1	2015-04-15 01:24:39
910	836	1	6	1	2015-04-17 10:02:40
911	837	1	6	1	2015-04-17 10:24:08
912	842	1	1287	4	2015-04-26 09:16:33
913	843	1	1287	4	2015-05-04 08:35:37
914	738	1	10	2	2015-05-06 23:47:47
915	795	1	2	1	2015-05-08 02:22:49
916	846	1	2	1	2015-05-09 22:17:43
917	846	1	2	1	2015-05-09 22:17:56
918	839	1	10	4	2015-05-11 18:05:56
919	850	1	1287	4	2015-05-15 11:19:22
920	833	1	10	4	2015-05-19 15:42:39
921	733	1	10	2	2015-05-20 14:46:41
922	806	1	10	2	2015-05-21 01:56:24
923	699	1	1287	2	2015-05-21 07:55:51
924	854	1	1287	4	2015-05-22 09:15:38
925	857	1	1287	4	2015-05-26 11:52:48
926	790	1	1287	1	2015-05-27 13:57:34
927	733	1	10	1	2015-06-02 15:12:18
928	436	1	10	1	2015-06-03 21:48:04
929	865	1	1287	4	2015-06-06 06:08:02
930	861	1	1287	4	2015-06-08 08:18:06
931	860	1	1287	4	2015-06-08 08:25:16
932	868	1	1287	4	2015-06-09 17:24:57
933	809	1	1287	2	2015-06-10 08:28:58
934	809	1	1287	1	2015-06-12 04:53:24
935	869	1	1287	4	2015-06-15 10:35:04
936	869	1	1287	4	2015-06-15 10:36:33
937	870	1	1287	4	2015-06-15 10:38:10
938	872	1	1287	4	2015-06-15 12:27:04
939	682	1	10	3	2015-06-17 00:51:09
940	873	1	1287	4	2015-06-17 08:16:17
941	874	1	1287	4	2015-06-20 07:13:59
942	699	1	1287	1	2015-06-22 08:43:26
943	763	1	1287	4	2015-06-23 19:22:44
944	617	1	10	1	2015-06-24 01:32:43
945	875	1	1287	4	2015-06-24 06:30:26
946	883	1	1287	4	2015-06-30 16:29:49
947	880	1	1287	4	2015-07-01 04:45:27
948	881	1	1287	4	2015-07-01 04:47:49
949	886	1	1287	4	2015-07-01 09:11:52
950	886	1	1287	4	2015-07-01 09:17:58
951	871	1	1287	4	2015-07-01 15:57:47
952	888	1	1287	4	2015-07-09 05:32:47
953	889	1	1287	4	2015-07-10 05:11:31
954	751	1	1287	2	2015-07-13 08:43:27
955	895	1	1287	4	2015-07-21 05:07:36
956	751	1	1287	1	2015-07-22 12:33:31
957	544	1	49	1	2015-07-22 18:28:51
958	545	1	49	1	2015-07-22 18:32:46
959	650	1	10	1	2015-07-23 15:26:56
960	550	1	49	1	2015-07-24 15:02:47
961	901	1	6	1	2015-07-24 15:54:23
962	899	1	1287	4	2015-07-25 12:33:53
963	903	1	1287	4	2015-07-31 14:09:16
964	907	1	1287	4	2015-08-03 05:07:14
965	908	1	1287	4	2015-08-03 08:51:13
966	890	1	10	4	2015-08-04 19:51:21
967	770	1	10	1	2015-08-05 18:02:39
968	894	1	10	4	2015-08-12 00:03:35
969	878	1	10	4	2015-08-12 00:08:51
970	722	1	10	2	2015-08-12 01:34:05
971	669	1	10	4	2015-08-19 00:49:12
972	797	1	10	4	2015-08-19 01:00:47
973	916	1	1287	4	2015-08-19 17:26:53
974	922	1	1287	4	2015-08-19 17:38:35
975	887	1	1287	2	2015-08-19 17:54:08
976	925	1	1287	4	2015-08-20 18:11:21
977	926	1	1287	4	2015-08-21 10:43:33
978	926	1	1287	4	2015-08-21 10:43:42
979	887	1	1287	1	2015-08-21 17:53:40
980	801	1	2	1	2015-08-22 21:14:40
981	930	1	1287	4	2015-08-28 10:42:31
982	931	1	1287	4	2015-08-28 10:47:49
983	927	1	1287	4	2015-08-29 06:18:03
984	932	1	1287	4	2015-08-30 14:45:05
985	932	1	1287	4	2015-08-30 14:45:21
986	929	1	1287	4	2015-09-02 16:11:40
987	912	1	10	4	2015-09-07 22:44:42
988	913	1	10	4	2015-09-07 22:45:21
989	570	1	49	4	2015-09-08 09:38:40
990	864	1	1287	2	2015-09-09 10:35:47
991	917	1	1287	4	2015-09-15 12:26:34
992	924	1	1287	4	2015-09-15 13:12:58
993	687	1	10	1	2015-09-15 18:38:13
994	827	1	10	4	2015-09-17 02:47:57
995	859	1	10	1	2015-09-18 23:46:27
996	904	1	10	4	2015-09-21 15:11:49
997	877	1	10	4	2015-09-21 15:15:19
998	885	1	10	4	2015-09-21 15:19:05
999	892	1	10	4	2015-09-21 15:21:59
1000	864	1	1287	1	2015-09-21 17:07:44
1001	538	1	2	1	2015-09-27 03:39:31
1002	570	1	2	4	2015-09-27 18:18:08
1003	838	1	2	3	2015-09-28 08:20:26
1004	945	1	1287	4	2015-09-30 08:03:12
1005	847	1	10	2	2015-09-30 18:34:08
1006	838	1	2	2	2015-10-01 09:41:54
1007	948	1	1287	4	2015-10-04 06:34:42
1008	947	1	1287	4	2015-10-04 06:37:31
1009	946	1	1287	4	2015-10-04 06:39:18
1010	943	1	77	2	2015-10-05 22:20:36
1011	952	1	1287	4	2015-10-07 07:59:22
1012	722	1	10	1	2015-10-08 15:36:15
1013	897	1	10	4	2015-10-08 16:21:33
1014	805	1	10	1	2015-10-10 23:11:05
1015	954	1	6	1	2015-10-12 12:55:16
1016	943	1	77	1	2015-10-12 18:12:49
1017	787	1	10	1	2015-10-13 02:04:54
1018	955	1	1287	4	2015-10-13 18:34:21
1019	377	1	2	3	2015-10-16 16:06:58
1020	705	1	10	2	2015-10-16 16:11:24
1021	788	1	10	2	2015-10-16 16:28:32
1022	961	1	6	1	2015-10-19 22:47:23
1023	848	1	1287	2	2015-10-21 08:22:20
1024	851	1	2	1	2015-10-24 06:27:26
1025	882	1	2	1	2015-10-24 06:28:40
1026	918	1	2	1	2015-10-24 06:29:00
1027	749	1	10	2	2015-10-28 01:10:56
1028	935	1	1287	2	2015-10-28 11:19:52
1029	847	1	10	1	2015-10-28 14:02:45
1030	769	1	10	2	2015-10-28 14:18:55
1031	823	1	10	2	2015-10-28 14:31:44
1032	940	1	10	4	2015-10-28 17:38:17
1033	933	1	10	4	2015-10-29 02:55:08
1034	966	1	1287	4	2015-11-02 09:03:32
1035	967	1	1287	4	2015-11-03 06:10:10
1036	844	1	10	1	2015-11-04 00:12:45
1037	905	1	10	2	2015-11-06 07:12:53
1038	970	1	1287	4	2015-11-11 05:27:30
1039	749	1	10	1	2015-11-13 02:42:15
1040	935	1	1287	1	2015-11-13 09:28:47
1041	971	1	75	4	2015-11-15 08:41:08
1042	972	1	75	4	2015-11-15 08:47:37
1043	974	1	1287	4	2015-11-17 09:28:18
1044	905	1	10	1	2015-11-19 00:24:49
1045	977	1	1287	4	2015-11-19 12:26:54
1046	968	1	10	4	2015-11-19 15:29:12
1047	915	1	10	2	2015-11-21 02:42:44
1048	867	1	1287	4	2015-11-24 11:45:52
1049	834	1	29	2	2015-11-24 11:52:01
1050	867	1	1287	4	2015-11-24 12:02:30
1051	731	1	29	4	2015-11-24 12:12:15
1052	784	1	29	4	2015-11-24 12:26:53
1053	900	1	29	4	2015-11-24 12:33:21
1054	963	1	29	4	2015-11-24 18:52:12
1055	858	1	10	4	2015-11-28 20:01:30
1056	983	1	1287	4	2015-11-29 12:26:55
1057	988	1	1287	4	2015-12-03 18:38:53
1058	987	1	1287	4	2015-12-04 05:11:12
1059	985	1	1287	4	2015-12-04 05:24:21
1060	980	1	75	4	2015-12-07 17:13:21
1061	780	1	1287	2	2015-12-10 07:44:47
1062	990	1	10	4	2015-12-14 20:24:28
1063	838	1	2	1	2015-12-15 15:54:18
1064	994	1	1287	4	2015-12-17 07:02:34
1065	780	1	1287	1	2015-12-17 12:27:15
1066	780	1	1287	1	2015-12-17 12:42:52
1067	780	1	1287	1	2015-12-17 12:43:50
1068	975	1	10	4	2015-12-17 19:45:59
1069	993	1	75	4	2015-12-18 08:44:31
1070	758	1	1287	1	2015-12-18 09:14:32
1071	921	1	10	1	2015-12-18 22:41:16
1072	705	1	10	1	2015-12-21 17:36:23
1073	999	1	6	1	2015-12-21 22:05:42
1074	979	1	10	4	2015-12-23 03:41:40
1075	984	1	10	4	2015-12-23 03:42:21
1076	804	1	10	4	2015-12-24 02:25:01
1077	560	1	2	1	2015-12-24 12:26:39
1078	1004	1	1287	4	2015-12-24 20:25:03
1079	1001	1	1287	4	2015-12-24 20:29:49
1080	978	1	1287	2	2015-12-25 15:49:45
1081	915	1	10	1	2015-12-27 03:15:51
1082	995	1	1287	4	2015-12-27 15:40:27
1083	978	1	1287	1	2015-12-28 13:05:36
1084	1008	1	1287	4	2015-12-31 08:06:07
1085	879	1	1287	2	2016-01-04 17:47:07
1086	879	1	1287	1	2016-01-05 13:16:09
1087	902	1	10	4	2016-01-06 01:32:29
1088	1010	1	1287	4	2016-01-09 07:34:54
1089	1012	1	1287	4	2016-01-10 09:11:44
1090	552	1	49	1	2016-01-10 09:19:38
1091	552	1	49	1	2016-01-10 09:19:54
1092	957	1	1287	1	2016-01-11 09:17:03
1093	957	1	1287	2	2016-01-11 09:17:17
1094	953	1	2	3	2016-01-11 22:03:07
1095	1009	1	1287	4	2016-01-12 05:43:58
1096	1014	1	1287	4	2016-01-13 10:04:18
1097	848	1	1287	2	2016-01-16 13:18:45
1098	937	1	10	2	2016-01-18 19:39:54
1099	1016	1	1287	4	2016-01-20 10:07:08
1100	957	1	1287	1	2016-01-21 20:16:54
1101	1000	1	2	2	2016-01-27 20:19:46
1102	848	1	1287	1	2016-01-28 17:13:05
1103	1026	1	1287	4	2016-02-04 05:35:25
1104	1023	1	1287	4	2016-02-04 05:39:08
1105	1005	1	10	4	2016-02-07 17:09:44
1106	1018	1	10	4	2016-02-07 17:13:16
1107	1024	1	10	4	2016-02-07 17:23:01
1108	834	1	29	1	2016-02-08 16:48:30
1109	845	1	29	3	2016-02-08 16:58:57
1110	923	1	29	4	2016-02-08 17:06:20
1111	923	1	29	4	2016-02-08 18:03:35
1112	813	1	10	1	2016-02-10 20:14:39
1113	1029	1	1287	4	2016-02-10 21:17:27
1114	1033	1	1287	4	2016-02-16 09:51:30
1115	825	1	10	2	2016-02-17 21:38:15
1116	1040	1	1287	4	2016-02-22 05:20:32
1117	1031	1	1287	4	2016-02-22 05:26:01
1118	1035	1	1287	4	2016-02-22 05:37:55
1119	1028	1	1287	4	2016-02-22 05:39:41
1120	1036	1	1287	4	2016-02-22 05:40:23
1121	1042	1	1287	4	2016-02-22 15:55:54
1122	898	1	29	4	2016-02-23 19:21:58
1123	1028	1	1287	4	2016-02-26 19:14:48
1124	898	1	29	4	2016-02-27 17:05:05
1125	923	1	29	4	2016-02-27 17:05:38
1126	1047	1	1287	4	2016-03-01 09:00:38
1127	1048	1	1287	4	2016-03-01 09:03:01
1128	1045	1	1287	4	2016-03-01 10:15:16
1129	1052	1	6	1	2016-03-01 21:45:27
1130	937	1	10	1	2016-03-02 01:30:43
1131	1049	1	1287	4	2016-03-02 11:18:13
1132	1051	1	1287	4	2016-03-02 11:37:06
1133	1025	1	29	2	2016-03-02 12:46:16
1134	909	1	10	1	2016-03-02 17:55:58
1135	832	1	10	1	2016-03-04 03:27:56
1136	1038	1	10	4	2016-03-08 03:46:47
1137	1053	1	75	4	2016-03-08 14:25:15
1138	982	1	75	3	2016-03-10 18:54:31
1139	825	1	10	1	2016-03-10 21:32:17
1140	1039	1	10	4	2016-03-11 14:49:06
1141	1025	1	29	1	2016-03-11 17:22:37
1142	1057	1	1287	4	2016-03-12 14:28:16
1143	823	1	10	1	2016-03-14 20:05:20
1144	1065	1	1287	4	2016-03-20 16:29:23
1145	1064	1	1287	4	2016-03-20 16:31:41
1146	1067	1	1287	4	2016-03-24 08:48:04
1147	1075	1	31	4	2016-03-25 08:38:47
1148	896	1	1287	2	2016-03-25 13:50:33
1149	1027	1	10	4	2016-03-27 02:15:51
1150	998	1	1287	2	2016-03-28 18:00:15
1151	1078	1	1287	4	2016-03-29 13:31:08
1152	1076	1	31	4	2016-03-29 19:52:28
1153	682	2	10	1	2016-03-29 20:02:13
1154	998	1	1287	1	2016-03-30 18:48:25
1155	896	1	1287	1	2016-03-31 17:32:29
1156	1080	1	31	4	2016-04-05 07:45:36
1157	757	1	10	1	2016-04-08 18:59:53
1158	1085	1	1287	4	2016-04-14 06:39:09
1159	845	2	29	2	2016-04-14 17:58:12
1160	1030	1	29	2	2016-04-14 18:08:28
1161	1082	1	31	4	2016-04-15 10:05:13
1162	1030	1	29	1	2016-04-15 11:12:12
1163	976	1	1287	2	2016-04-27 14:21:12
1164	1093	1	1287	4	2016-04-28 05:35:39
1165	1090	1	31	4	2016-04-28 06:14:02
1166	1073	1	782	4	2016-05-04 12:33:12
1167	1021	1	2	2	2016-05-05 07:18:41
1168	1095	1	36	4	2016-05-10 09:44:29
1169	1089	1	36	4	2016-05-10 12:18:02
1170	1099	1	1287	4	2016-05-13 10:38:59
1171	1070	1	10	4	2016-05-14 15:50:35
1172	1020	1	1287	1	2016-05-15 17:44:00
1173	1086	1	1287	4	2016-05-16 08:06:29
1174	783	1	10	1	2016-05-16 10:20:28
1175	769	1	10	1	2016-05-17 16:30:11
1176	949	1	1287	1	2016-05-18 05:20:07
1177	1105	1	77	4	2016-05-18 11:23:54
1178	876	1	10	1	2016-05-21 15:24:27
1179	1112	1	31	4	2016-05-24 18:53:21
1180	845	2	29	2	2016-05-26 17:23:55
1181	845	2	29	1	2016-05-26 17:24:14
1182	1101	1	31	4	2016-05-29 15:48:09
1183	1094	1	782	4	2016-06-02 09:03:23
1184	1073	1	782	4	2016-06-02 09:06:41
1185	1119	1	84	4	2016-06-05 16:45:27
1186	1119	1	84	4	2016-06-05 20:09:13
1187	1021	1	2	3	2016-06-10 16:38:09
1188	1125	1	31	4	2016-06-14 10:52:44
1189	1084	1	10	4	2016-06-16 02:41:08
1190	1079	1	2	4	2016-06-18 04:17:28
1191	1128	1	1287	4	2016-06-19 15:24:58
1192	1056	1	29	2	2016-06-20 17:15:01
1193	1077	1	29	2	2016-06-20 17:20:26
1194	1000	1	2	1	2016-06-21 03:30:27
1195	1000	1	2	1	2016-06-21 03:31:08
1196	1134	1	31	4	2016-06-21 08:04:05
1197	1135	1	31	4	2016-06-23 06:42:30
1198	1056	1	29	1	2016-06-23 13:15:53
1199	1021	2	2	1	2016-06-23 15:16:03
1200	1077	1	29	2	2016-06-24 08:16:24
1201	1103	1	1287	4	2016-06-24 11:50:45
1202	953	1	2	3	2016-06-25 08:28:51
1203	1129	1	77	1	2016-06-25 17:03:12
1204	1077	1	29	1	2016-06-26 15:35:04
1205	1116	1	84	4	2016-06-30 07:13:56
1206	1116	1	2	4	2016-07-01 09:50:48
1207	1063	1	782	4	2016-07-04 13:41:15
1208	1091	1	782	4	2016-07-04 13:44:16
1209	1120	1	29	4	2016-07-05 06:58:12
1210	1145	1	736	4	2016-07-08 08:37:24
1211	1046	1	10	1	2016-07-10 03:21:17
1212	981	1	1287	2	2016-07-11 09:33:24
1213	792	1	10	1	2016-07-12 21:14:23
1214	1153	1	623	4	2016-07-13 12:17:12
1215	1154	1	623	4	2016-07-13 12:19:51
1216	1157	1	77	4	2016-07-13 18:13:35
1217	1158	1	6	1	2016-07-14 04:04:44
1218	1149	1	31	4	2016-07-15 06:46:46
1219	1149	1	31	4	2016-07-15 06:48:20
1220	1160	1	31	4	2016-07-15 07:21:26
1221	976	1	2	1	2016-07-20 20:53:29
1222	1055	1	36	2	2016-07-28 14:50:39
1223	1109	1	36	2	2016-07-28 15:03:44
1224	1166	1	77	4	2016-07-28 21:18:30
1225	1159	1	77	4	2016-07-29 07:53:46
1226	1169	1	77	4	2016-07-31 20:30:37
1227	1170	1	77	4	2016-08-01 14:51:16
1228	1167	1	1287	4	2016-08-02 14:41:16
1229	1148	1	31	4	2016-08-02 19:26:32
1230	1150	1	736	4	2016-08-05 13:39:55
1231	1092	1	31	1	2016-08-05 19:06:36
1232	1092	1	31	1	2016-08-05 19:11:39
1233	1171	1	77	4	2016-08-06 07:19:34
1234	1173	1	6	1	2016-08-07 17:57:26
1235	1175	1	77	4	2016-08-09 18:51:27
1236	1087	1	31	4	2016-08-10 06:50:41
1237	1177	1	6	1	2016-08-10 19:42:40
1238	1179	1	77	4	2016-08-14 16:02:42
1239	1178	1	77	4	2016-08-15 14:51:37
1240	1092	1	31	3	2016-08-17 13:17:40
1241	1181	1	77	4	2016-08-20 05:38:18
1242	1141	1	623	2	2016-08-21 19:00:45
1243	1092	2	31	1	2016-08-22 07:45:59
1244	1088	1	1287	1	2016-08-23 19:31:43
1245	1182	1	77	4	2016-08-24 07:36:45
1246	1184	1	31	4	2016-08-26 12:15:57
1247	1184	1	31	4	2016-08-26 12:19:03
1248	1187	1	6	1	2016-08-27 17:54:02
1249	863	1	10	1	2016-08-29 23:27:44
1250	1055	1	36	1	2016-08-29 23:34:53
1251	788	1	10	1	2016-08-30 16:09:57
1252	1060	1	10	1	2016-09-03 22:18:50
1253	1192	1	77	3	2016-09-10 08:12:01
1254	1185	1	782	4	2016-09-12 08:44:34
1255	1123	1	782	4	2016-09-12 08:55:37
1256	1162	1	623	4	2016-09-12 14:00:39
1257	856	1	10	1	2016-09-13 00:43:29
1258	1180	1	31	4	2016-09-16 07:02:21
1259	461	1	77	2	2016-09-23 09:06:41
1260	1183	1	77	4	2016-09-25 09:08:08
1261	1194	1	77	4	2016-09-25 09:13:34
1262	1200	1	77	4	2016-09-25 09:21:08
1263	1199	1	77	4	2016-09-25 09:22:33
1264	1197	1	77	4	2016-09-25 11:37:00
1265	461	1	77	3	2016-09-27 12:57:38
1266	1205	1	31	4	2016-09-28 10:29:35
1267	1204	1	77	4	2016-09-29 07:45:54
1268	910	1	10	1	2016-09-29 23:35:55
1269	1206	1	77	4	2016-10-01 10:15:27
1270	1208	1	77	4	2016-10-01 20:30:52
1271	1210	1	77	4	2016-10-02 05:52:54
1272	1207	1	36	4	2016-10-02 15:23:47
1273	1211	1	6	1	2016-10-03 18:49:54
1274	965	1	75	4	2016-10-03 21:36:47
1275	1022	1	36	2	2016-10-06 17:01:04
1276	1207	1	36	4	2016-10-06 17:18:55
1277	1213	1	31	4	2016-10-09 15:29:32
1278	1214	1	77	4	2016-10-15 17:21:46
1279	1216	1	77	4	2016-10-15 17:35:05
1280	1212	1	77	4	2016-10-20 08:15:11
1281	1219	1	31	4	2016-10-21 07:04:21
1282	1220	1	31	4	2016-10-25 18:35:33
1283	1015	1	31	2	2016-10-25 18:45:33
1284	964	1	77	2	2016-10-28 19:52:30
1285	996	1	75	2	2016-10-31 23:03:43
1286	1109	1	36	2	2016-11-04 12:55:45
1287	1207	1	36	4	2016-11-04 13:12:54
1288	1224	1	77	4	2016-11-09 22:04:17
1289	1229	1	31	4	2016-11-15 06:54:30
1290	1022	1	36	1	2016-11-16 13:58:24
1291	1083	1	782	1	2016-11-20 06:19:30
1292	1054	1	782	2	2016-11-20 06:30:14
1293	1231	1	31	4	2016-11-21 09:29:34
1294	1121	1	84	1	2016-11-21 14:06:58
1295	1121	1	84	1	2016-11-21 14:08:26
1296	1121	1	84	1	2016-11-22 13:23:40
1297	1015	1	31	3	2016-11-25 07:18:14
1298	964	1	77	1	2016-11-25 10:25:38
1299	1239	1	77	4	2016-11-25 10:33:38
1300	1238	1	77	4	2016-11-25 10:34:52
1301	1237	1	77	4	2016-11-25 10:36:38
1302	1234	1	77	4	2016-11-25 10:38:20
1303	1235	1	77	4	2016-11-27 21:46:58
1304	461	2	77	2	2016-11-28 14:25:48
1305	1062	1	1287	2	2016-11-29 12:52:16
1306	806	1	10	2	2016-11-30 10:48:58
1307	938	1	1287	2	2016-12-01 11:34:37
1308	1202	1	1287	2	2016-12-01 11:37:58
1309	1202	1	1287	2	2016-12-01 11:40:29
1310	1202	1	1287	2	2016-12-01 11:42:24
1311	1202	1	1287	2	2016-12-01 11:43:05
1312	976	1	6	4	2016-12-05 21:59:41
1313	976	1	6	1	2016-12-05 21:59:56
1314	976	1	6	1	2016-12-05 22:04:09
1315	1163	1	77	2	2016-12-07 21:35:24
1316	1202	1	1287	1	2016-12-09 09:00:42
1317	1202	1	1287	1	2016-12-09 09:01:34
1318	461	2	77	3	2016-12-09 15:13:29
1319	1244	1	77	4	2016-12-09 15:16:07
1320	1242	1	77	4	2016-12-09 15:17:59
1321	1243	1	77	4	2016-12-09 15:23:02
1322	461	3	77	1	2016-12-12 22:57:16
1323	1117	1	84	1	2016-12-16 19:58:07
1324	1142	1	23	1	2016-12-17 10:30:16
1325	1141	1	623	2	2016-12-19 04:39:14
1326	939	1	10	2	2016-12-19 21:35:07
1327	1141	1	623	1	2016-12-22 09:25:12
1328	1146	1	84	1	2016-12-24 12:24:09
1329	1256	1	77	4	2016-12-26 07:27:21
1330	1251	1	77	4	2016-12-26 07:30:07
1331	1227	1	77	2	2016-12-26 07:39:52
1332	1227	1	77	4	2016-12-26 17:05:55
1333	1245	1	31	4	2016-12-27 09:40:23
1334	1264	1	31	4	2016-12-27 09:42:58
1335	1262	1	31	4	2016-12-27 09:47:08
1336	1263	1	31	4	2016-12-27 09:50:34
1337	1226	1	77	2	2016-12-27 18:44:31
1338	1257	1	77	4	2016-12-28 07:05:04
1339	1225	1	77	2	2016-12-28 07:12:24
1340	1109	1	36	1	2016-12-28 13:52:47
1341	1189	1	77	4	2016-12-28 22:24:37
1342	1207	1	36	4	2016-12-28 22:46:57
1343	1207	1	36	4	2016-12-29 14:36:12
1344	1269	1	6	1	2016-12-31 17:00:30
1345	1207	1	36	4	2017-01-03 15:39:53
1346	1272	1	6	1	2017-01-03 20:35:48
1347	1273	1	6	1	2017-01-03 21:02:52
1348	1132	1	36	2	2017-01-04 12:09:06
1349	1163	1	77	3	2017-01-07 08:06:07
1350	1271	1	77	4	2017-01-07 13:09:37
1351	1275	1	77	4	2017-01-07 13:11:41
1352	1278	1	77	4	2017-01-07 13:12:26
1353	1274	1	77	4	2017-01-07 16:35:57
1354	1161	1	84	2	2017-01-10 15:43:53
1355	1061	1	782	4	2017-01-15 16:10:18
1356	1044	1	10	1	2017-01-16 15:55:43
1357	1132	1	36	1	2017-01-16 16:09:20
1358	1132	1	36	1	2017-01-16 16:10:07
1359	1294	1	29	4	2017-01-25 11:08:20
1360	1294	1	2	4	2017-01-25 14:32:22
1361	1059	1	75	2	2017-01-26 04:44:38
1362	1292	1	77	4	2017-01-28 13:07:56
1363	1286	1	77	4	2017-01-28 13:09:09
1364	1301	1	77	4	2017-01-28 13:12:56
1365	765	1	10	1	2017-01-28 16:50:22
1366	1118	1	6	1	2017-01-28 22:31:18
1367	1176	1	782	2	2017-01-29 20:10:10
1368	1163	2	77	1	2017-01-29 20:38:32
1369	1311	1	77	4	2017-02-04 14:40:58
1370	1312	1	77	4	2017-02-04 14:42:08
1371	1315	1	77	4	2017-02-04 14:43:09
1372	1309	1	77	4	2017-02-04 14:44:41
1373	831	1	77	2	2017-02-04 14:53:50
1374	1301	1	77	3	2017-02-04 15:03:31
1375	1301	2	77	4	2017-02-05 08:13:43
1376	1226	1	77	3	2017-02-06 18:10:31
1377	891	1	1287	2	2017-02-07 10:58:55
1378	973	1	1287	2	2017-02-07 12:22:00
1379	973	1	1287	1	2017-02-08 16:46:19
1380	973	1	1287	2	2017-02-08 16:46:39
1381	891	1	1287	1	2017-02-08 16:48:25
1382	1107	1	36	2	2017-02-08 19:12:46
1383	1302	1	623	4	2017-02-09 11:26:05
1384	1162	1	623	4	2017-02-09 11:26:38
1385	1320	1	77	4	2017-02-13 06:39:16
1386	981	1	1287	1	2017-02-13 17:09:22
1387	1015	2	31	1	2017-02-13 18:43:21
1388	1313	1	31	4	2017-02-13 18:50:22
1389	1259	1	77	4	2017-02-19 22:57:04
1390	1100	1	36	2	2017-02-21 16:11:07
1391	1314	1	31	4	2017-02-21 19:50:36
1392	1328	1	77	4	2017-02-22 00:19:39
1393	1326	1	77	4	2017-02-22 00:21:16
1394	1324	1	77	4	2017-02-22 00:22:47
1395	1329	1	77	4	2017-02-22 00:25:59
1396	1322	1	77	4	2017-02-22 00:27:21
1397	1015	2	31	1	2017-02-24 11:34:04
1398	1226	2	77	1	2017-02-24 13:50:51
1399	1226	2	77	2	2017-02-24 13:53:49
1400	969	1	10	1	2017-02-24 20:35:44
1401	1226	2	77	1	2017-02-28 06:26:46
1402	989	1	10	2	2017-03-01 02:22:14
1403	1293	1	31	4	2017-03-01 08:06:02
1404	1013	1	10	1	2017-03-02 18:04:31
1405	1250	1	31	2	2017-03-03 13:18:16
1406	1250	1	31	2	2017-03-03 13:21:17
1407	1342	1	6	1	2017-03-03 19:27:09
1408	941	1	10	2	2017-03-04 18:34:50
1409	1302	1	2	4	2017-03-05 06:54:24
1410	1334	1	31	4	2017-03-06 06:22:08
1411	973	1	1287	2	2017-03-06 09:21:13
1412	1346	1	77	4	2017-03-08 09:11:27
1413	1250	1	31	3	2017-03-10 06:34:47
1414	1325	1	623	4	2017-03-10 14:08:42
1415	1325	1	2	4	2017-03-11 04:46:26
1416	1347	1	77	4	2017-03-11 07:03:58
1417	1338	1	77	4	2017-03-11 13:57:42
1418	1310	1	77	4	2017-03-11 13:59:35
1419	1100	1	36	1	2017-03-13 16:44:24
1420	973	1	1287	1	2017-03-14 09:18:39
1421	1193	1	623	1	2017-03-14 10:31:47
1422	1283	1	77	2	2017-03-14 20:37:09
1423	1233	1	31	2	2017-03-15 12:42:29
1424	1336	1	736	4	2017-03-15 12:45:50
1425	1233	1	31	2	2017-03-15 12:47:49
1426	1319	1	736	2	2017-03-15 12:48:30
1427	1233	1	31	2	2017-03-15 12:49:22
1428	941	1	10	1	2017-03-15 14:42:32
1429	996	1	75	1	2017-03-15 18:01:32
1430	1283	1	77	1	2017-03-18 07:53:42
1431	1233	1	31	3	2017-03-19 16:45:51
1432	1352	1	6	1	2017-03-19 21:56:54
1433	1353	1	6	1	2017-03-19 22:01:33
1434	1233	2	31	2	2017-03-20 13:58:08
1435	1343	1	37	4	2017-03-20 21:08:42
1436	997	1	36	3	2017-03-24 16:25:45
1437	1344	1	37	4	2017-03-28 03:47:19
1438	1357	1	31	4	2017-03-29 09:36:50
1439	1361	1	77	4	2017-03-29 10:11:05
1440	1354	1	77	4	2017-03-29 10:13:24
1441	1188	1	77	4	2017-03-29 19:16:05
1442	1366	1	77	4	2017-03-30 21:20:23
1443	1367	1	77	4	2017-03-30 21:24:35
1444	1364	1	77	4	2017-03-30 21:34:45
1445	1362	1	77	4	2017-03-30 21:37:11
1446	1365	1	31	2	2017-03-31 06:48:56
1447	1290	1	37	4	2017-04-01 21:13:46
1448	1165	1	736	2	2017-04-03 04:46:31
1449	1233	2	31	1	2017-04-03 05:37:58
1450	1332	1	1287	1	2017-04-03 07:16:37
1451	1332	1	1287	2	2017-04-03 07:17:01
1452	1332	1	1287	1	2017-04-05 08:00:45
1453	1250	2	31	2	2017-04-06 08:27:00
1454	1107	1	36	2	2017-04-06 14:58:28
1455	1207	1	36	4	2017-04-06 15:04:55
1456	1228	1	36	2	2017-04-06 18:07:42
1457	1368	1	77	4	2017-04-08 09:22:05
1458	1250	2	31	3	2017-04-11 05:52:24
1459	1165	1	736	1	2017-04-12 03:10:23
1460	1289	1	31	4	2017-04-12 08:09:57
1461	1369	1	77	4	2017-04-12 20:01:33
1462	1375	1	77	4	2017-04-15 12:20:07
1463	1377	1	77	4	2017-04-15 12:21:58
1464	1298	1	1287	2	2017-04-17 15:37:41
1465	1348	1	2	1	2017-04-18 05:19:39
1466	1381	1	77	4	2017-04-18 06:38:29
1467	1007	1	1287	2	2017-04-18 09:16:39
1468	1043	1	782	2	2017-04-18 12:22:34
1469	992	1	10	1	2017-04-20 20:31:40
1470	1339	1	77	2	2017-04-24 08:00:39
1471	1250	3	31	2	2017-04-26 12:23:21
1472	1250	3	31	2	2017-04-26 12:27:36
1473	1298	1	1287	1	2017-04-27 08:24:55
1474	1248	1	31	4	2017-04-30 18:31:58
1475	1143	1	31	1	2017-04-30 21:22:43
1476	1098	1	782	2	2017-05-01 07:22:48
1477	1054	1	782	1	2017-05-01 07:32:13
1478	1061	1	782	4	2017-05-01 07:36:34
1479	1176	1	782	1	2017-05-01 07:41:53
1480	1098	1	782	2	2017-05-01 19:53:53
1481	1386	1	77	4	2017-05-02 11:11:31
1482	1385	1	77	4	2017-05-02 11:12:53
1483	1384	1	77	4	2017-05-02 11:14:11
1484	1339	1	77	1	2017-05-02 11:16:24
1485	1380	1	77	4	2017-05-02 11:19:42
1486	831	1	77	1	2017-05-02 12:54:40
1487	1371	1	84	4	2017-05-04 19:34:58
1488	1392	1	77	4	2017-05-13 07:31:20
1489	1389	1	77	4	2017-05-13 07:35:14
1490	1388	1	77	4	2017-05-13 07:37:10
1491	1395	1	77	4	2017-05-13 15:25:16
1492	1250	3	31	3	2017-05-15 17:38:03
1493	982	2	75	2	2017-05-15 19:32:02
1494	982	2	75	2	2017-05-15 19:32:27
1495	1349	1	75	3	2017-05-15 19:52:45
1496	1223	1	782	2	2017-05-18 16:23:21
1497	1236	1	782	2	2017-05-18 19:31:17
1498	1002	1	10	4	2017-05-20 12:46:17
1499	1411	1	77	4	2017-05-24 20:15:35
1500	1412	1	77	4	2017-05-24 20:16:44
1501	1403	1	77	4	2017-05-24 20:18:04
1502	1408	1	77	4	2017-05-24 20:19:28
1503	1345	1	77	2	2017-05-24 20:22:23
1504	1250	4	31	4	2017-05-26 20:12:24
1505	1161	1	84	1	2017-05-27 06:26:54
1506	1398	1	84	4	2017-05-27 06:38:38
1507	1398	1	84	4	2017-05-27 06:43:27
1508	1379	1	1287	4	2017-05-27 19:16:18
1509	911	1	10	1	2017-05-28 16:53:14
1510	1337	1	41	4	2017-05-29 16:21:38
1511	1321	1	41	4	2017-05-29 16:28:27
1512	1405	1	31	4	2017-05-30 17:28:19
1513	1415	1	77	4	2017-05-30 22:07:46
1514	1043	1	782	1	2017-05-31 07:52:26
1515	1098	1	782	1	2017-05-31 08:38:44
1516	1107	1	36	1	2017-05-31 09:30:05
1517	1406	1	2	1	2017-05-31 20:47:51
1518	1203	1	77	4	2017-06-01 19:29:04
1519	1416	1	77	4	2017-06-03 08:06:09
1520	1417	1	2	4	2017-06-05 13:11:35
1521	1417	1	2	4	2017-06-05 13:11:45
1522	1393	1	37	4	2017-06-08 00:12:03
1523	953	2	2	1	2017-06-09 03:58:00
1524	1240	1	84	1	2017-06-12 04:05:36
1525	1349	2	75	2	2017-06-14 18:23:57
1526	1421	1	77	4	2017-06-17 16:52:33
1527	1422	1	77	4	2017-06-17 16:54:06
1528	1423	1	31	4	2017-06-18 14:29:44
1529	1418	1	37	4	2017-06-21 01:02:42
1530	1349	2	75	1	2017-06-21 19:24:04
1531	1429	1	77	4	2017-06-25 07:17:27
1532	1432	1	1287	4	2017-06-27 15:24:36
1533	938	1	1287	1	2017-06-27 17:35:42
1534	1359	1	29	2	2017-07-05 17:20:00
1535	1420	1	41	4	2017-07-07 07:53:13
1536	1345	1	77	3	2017-07-07 20:52:26
1537	1434	1	77	4	2017-07-08 07:01:47
1538	1433	1	77	4	2017-07-08 07:13:55
1539	1295	1	10	4	2017-07-09 20:35:09
1540	1406	1	6	2	2017-07-11 14:03:47
1541	1059	1	75	2	2017-07-11 20:52:48
1542	1172	1	782	2	2017-07-12 09:55:09
1543	1285	1	77	2	2017-07-13 08:03:05
1544	1438	1	77	4	2017-07-13 08:09:42
1545	1236	1	782	1	2017-07-17 12:16:22
1546	982	2	75	1	2017-07-18 00:54:32
1547	1444	1	2043	1	2017-07-18 16:39:28
1548	1428	1	31	4	2017-07-19 12:12:51
1549	997	2	36	2	2017-07-19 14:51:00
1550	1402	1	2	1	2017-07-21 01:38:32
1551	1402	1	2	2	2017-07-21 01:39:42
1552	1402	1	2	1	2017-07-21 01:41:59
1553	1402	1	2	1	2017-07-21 01:43:06
1554	1442	1	77	4	2017-07-22 06:45:01
1555	1445	1	77	4	2017-07-22 06:46:43
1556	1446	1	77	4	2017-07-22 06:47:49
1557	862	1	10	1	2017-07-23 18:23:08
1558	1447	1	77	4	2017-07-24 04:21:41
1559	1448	1	77	4	2017-07-24 04:23:18
1560	1285	1	77	1	2017-07-24 13:21:22
1561	1007	1	1287	1	2017-07-27 10:15:11
1562	1382	1	77	2	2017-07-27 20:29:03
1563	1396	1	41	4	2017-07-28 16:03:58
1564	1414	1	31	2	2017-07-29 09:18:32
1565	1414	1	31	2	2017-07-29 09:21:25
1566	1439	1	1287	2	2017-07-31 13:20:52
1567	1453	1	77	4	2017-08-06 15:38:42
1568	1455	1	77	4	2017-08-06 15:40:21
1569	1456	1	77	4	2017-08-06 15:41:52
1570	1458	1	77	4	2017-08-06 15:43:44
1571	1443	1	77	4	2017-08-06 20:33:14
1572	1414	1	31	3	2017-08-08 16:44:37
1573	1454	1	31	4	2017-08-11 09:57:05
1574	1172	1	782	1	2017-08-11 10:03:50
1575	1461	1	77	4	2017-08-13 06:39:50
1576	1462	1	77	4	2017-08-13 06:41:20
1577	1225	1	77	4	2017-08-14 19:44:36
1578	1452	1	37	2	2017-08-14 21:22:39
1579	1218	1	84	2	2017-08-23 11:33:57
1580	1440	1	84	4	2017-08-23 12:18:00
1581	1407	1	84	4	2017-08-24 08:49:21
1582	1370	1	782	4	2017-08-25 13:28:31
1583	1439	1	1287	1	2017-08-29 09:45:58
1584	1296	1	31	2	2017-09-03 06:47:16
1585	1296	1	31	2	2017-09-03 06:50:41
1586	1152	1	2043	3	2017-09-04 16:29:34
1587	1218	1	84	3	2017-09-04 16:35:45
1588	1152	2	2043	3	2017-09-04 16:35:50
1589	1407	1	84	4	2017-09-05 06:51:28
1590	1296	1	31	3	2017-09-06 09:33:55
1591	1359	1	2	1	2017-09-06 15:00:31
1592	1472	1	84	4	2017-09-07 08:10:12
1593	1472	1	84	4	2017-09-07 08:21:27
1594	1463	1	77	4	2017-09-07 21:56:52
1595	1464	1	77	4	2017-09-07 21:59:17
1596	1469	1	77	4	2017-09-07 22:02:01
1597	1471	1	77	4	2017-09-07 22:03:25
1598	1473	1	77	4	2017-09-07 22:04:41
1599	1209	1	77	2	2017-09-07 22:08:21
1600	1383	1	623	4	2017-09-08 07:14:05
1601	1383	1	623	4	2017-09-08 07:15:30
1602	1296	2	31	1	2017-09-11 06:16:43
1603	1382	1	77	1	2017-09-11 21:58:07
1604	1401	1	36	2	2017-09-12 14:00:50
1605	1468	1	77	4	2017-09-13 08:29:44
1606	1376	1	31	2	2017-09-15 12:21:42
1607	1209	1	77	1	2017-09-15 20:36:22
1608	1482	1	77	4	2017-09-18 21:41:29
1609	1376	1	31	3	2017-09-20 20:47:13
1610	1319	1	736	1	2017-09-22 13:47:07
1611	1330	1	37	2	2017-09-24 22:07:37
1612	1486	1	77	2	2017-09-26 17:11:44
1613	1486	1	77	1	2017-09-26 17:17:00
1614	1363	1	1287	2	2017-09-29 20:15:19
1615	1376	2	31	1	2017-09-30 17:56:28
1616	1479	1	77	4	2017-10-01 05:43:22
1617	1419	1	1287	2	2017-10-02 09:32:09
1618	1495	1	77	4	2017-10-02 19:54:04
1619	1483	1	77	4	2017-10-02 20:12:41
1620	1487	1	77	4	2017-10-02 20:14:10
1621	1414	2	31	2	2017-10-06 21:26:13
1622	1459	1	45	1	2017-10-08 17:49:39
1623	1459	1	45	1	2017-10-08 18:58:21
1624	1452	1	37	1	2017-10-08 20:33:01
1625	1391	1	37	1	2017-10-09 02:01:32
1626	1414	2	31	1	2017-10-09 06:42:25
1627	1419	1	1287	1	2017-10-12 10:18:16
1628	1457	1	31	4	2017-10-13 05:45:38
1629	1491	1	77	4	2017-10-14 06:35:22
1630	1494	1	77	4	2017-10-14 06:36:52
1631	1493	1	77	4	2017-10-14 06:38:16
1632	1492	1	77	4	2017-10-14 06:39:28
1633	1476	1	45	4	2017-10-15 22:19:14
1634	1279	1	29	2	2017-10-16 16:04:30
1635	1401	1	36	1	2017-10-16 17:15:00
1636	1115	1	782	1	2017-10-17 14:45:52
1637	1279	1	29	1	2017-10-24 13:46:36
1638	1062	1	1287	1	2017-10-25 07:22:17
1639	1062	1	1287	1	2017-10-25 07:33:58
1640	1503	1	31	4	2017-10-25 12:54:05
1641	1503	1	31	4	2017-10-25 12:54:23
1642	1497	1	77	4	2017-10-28 16:01:00
1643	1505	1	77	4	2017-10-28 16:02:22
1644	1507	1	77	4	2017-10-29 08:18:36
1645	1514	1	77	4	2017-10-29 08:20:25
1646	1511	1	77	4	2017-10-29 08:21:34
1647	1506	1	623	4	2017-10-30 10:34:44
1648	1218	2	84	1	2017-11-02 07:39:03
1649	1218	2	84	1	2017-11-02 07:42:03
1650	1327	1	84	1	2017-11-03 19:54:47
1651	1327	1	2043	2	2017-11-03 20:29:10
1652	1345	2	77	2	2017-11-05 13:48:09
1653	1327	1	84	1	2017-11-06 07:24:40
1654	1345	2	77	3	2017-11-09 07:00:56
1655	1323	1	41	4	2017-11-09 15:49:20
1656	1345	3	77	2	2017-11-14 07:51:16
1657	1059	1	75	2	2017-11-15 18:28:00
1658	1288	1	31	4	2017-11-22 12:51:54
1659	1509	1	77	4	2017-11-26 18:12:08
1660	1515	1	77	4	2017-11-26 18:13:45
1661	1519	1	77	4	2017-11-26 18:18:20
1662	939	1	10	1	2017-11-27 21:52:25
1663	1345	3	77	1	2017-12-02 20:50:39
1664	1521	1	31	4	2017-12-04 10:41:35
1665	1351	1	77	1	2017-12-06 20:25:50
1666	1351	1	77	2	2017-12-06 20:26:08
1667	1437	1	37	2	2017-12-09 05:42:40
1668	1297	1	77	1	2017-12-13 22:06:37
1669	1297	1	77	2	2017-12-13 22:08:03
1670	1536	1	77	4	2017-12-13 22:15:56
1671	1524	1	479	4	2017-12-15 09:54:34
1672	1553	1	31	4	2017-12-15 11:55:13
1673	1297	1	77	1	2017-12-16 17:12:37
1674	1480	1	77	4	2017-12-17 09:24:52
1675	1504	1	77	4	2017-12-17 10:51:51
1676	1554	1	77	4	2017-12-17 10:57:06
1677	1552	1	77	4	2017-12-17 11:00:25
1678	1551	1	77	4	2017-12-17 11:02:07
1679	1545	1	77	4	2017-12-17 11:08:02
1680	1538	1	77	4	2017-12-17 11:16:18
1681	1533	1	77	4	2017-12-17 11:19:31
1682	1470	1	45	1	2017-12-20 19:25:07
1683	1406	1	782	3	2017-12-21 12:53:21
1684	1351	1	77	1	2017-12-21 14:12:55
1685	1032	1	10	4	2017-12-24 03:09:12
1686	1555	1	77	4	2017-12-24 06:54:21
1687	1387	1	772	2	2017-12-29 11:49:36
1688	1532	1	77	4	2017-12-29 15:03:41
1689	1564	1	77	4	2018-01-02 08:21:32
1690	1562	1	77	4	2018-01-02 08:23:50
1691	1556	1	77	4	2018-01-02 09:41:57
1692	1363	1	1287	2	2018-01-02 21:17:12
1693	1561	1	1287	4	2018-01-02 21:24:23
1694	1365	1	31	1	2018-01-03 10:54:18
1695	1363	1	1287	1	2018-01-03 21:30:22
1696	1323	1	41	4	2018-01-04 17:24:09
1697	1513	1	41	4	2018-01-04 18:21:16
1698	1513	1	41	4	2018-01-04 18:27:00
1699	1488	1	37	2	2018-01-04 22:19:39
1700	1059	1	75	1	2018-01-07 22:33:15
1701	1488	1	37	1	2018-01-08 04:33:48
1702	1006	1	10	4	2018-01-10 20:04:53
1703	1540	1	77	4	2018-01-13 09:08:41
1704	1520	1	77	4	2018-01-13 09:14:19
1705	1565	1	77	4	2018-01-14 08:37:53
1706	1350	1	77	2	2018-01-15 15:00:42
1707	1350	1	77	1	2018-01-15 18:43:26
1708	1570	1	37	4	2018-01-18 00:32:17
1709	1575	1	77	4	2018-01-20 15:52:37
1710	1531	1	10	4	2018-01-23 02:47:08
1711	1566	1	31	4	2018-02-03 08:03:25
1712	1579	1	77	4	2018-02-04 16:14:29
1713	1580	1	77	4	2018-02-04 16:18:09
1714	1582	1	77	4	2018-02-04 16:24:56
1715	1584	1	77	4	2018-02-04 16:28:19
1716	1585	1	77	4	2018-02-04 16:30:17
1717	1586	1	77	4	2018-02-04 16:34:09
1718	1587	1	77	4	2018-02-04 16:40:58
1719	1588	1	77	4	2018-02-04 16:42:11
1720	1542	1	77	4	2018-02-04 16:52:29
1721	1589	1	77	4	2018-02-04 21:46:44
1722	806	1	10	1	2018-02-06 23:48:14
1723	1563	1	2	4	2018-02-07 19:28:45
1724	1477	1	623	2	2018-02-09 14:51:08
1725	1576	1	479	4	2018-02-12 10:33:07
1726	1544	1	68	2	2018-02-13 09:32:10
1727	1547	1	479	1	2018-02-13 15:41:36
1728	1547	1	479	2	2018-02-13 15:42:12
1729	1484	1	10	4	2018-02-14 19:28:20
1730	1061	1	2	4	2018-02-14 22:37:51
1731	1290	1	37	4	2018-02-15 05:57:20
1732	1383	1	2	4	2018-02-16 03:46:26
1733	1506	1	2	4	2018-02-16 03:59:42
1734	1544	1	68	1	2018-02-16 14:43:47
1735	1467	1	23	2	2018-02-16 19:53:55
1736	1546	1	77	2	2018-02-18 12:13:49
1737	1593	1	77	4	2018-02-18 12:19:51
1738	1596	1	77	4	2018-02-18 12:22:52
1739	1597	1	77	4	2018-02-18 12:26:49
1740	1600	1	77	4	2018-02-18 12:28:57
1741	1604	1	77	4	2018-02-18 12:32:57
1742	1607	1	77	4	2018-02-18 21:14:50
1743	1530	1	10	4	2018-02-19 20:35:34
1744	1341	1	782	2	2018-02-21 08:31:47
1745	1344	1	37	4	2018-02-23 07:01:16
1746	1393	1	37	4	2018-02-23 07:02:30
1747	1437	1	37	1	2018-02-23 07:17:58
1748	1609	1	77	4	2018-02-25 07:31:40
1749	1606	1	68	1	2018-03-01 16:44:58
1750	1606	1	2	4	2018-03-01 19:01:47
1751	1606	1	2	4	2018-03-01 19:02:05
1752	989	1	10	1	2018-03-02 15:34:54
1753	1228	1	2	1	2018-03-04 12:11:11
1754	997	2	36	1	2018-03-04 14:38:24
1755	1590	1	479	4	2018-03-05 14:48:34
1756	1547	1	479	3	2018-03-05 14:51:23
1757	1547	2	479	1	2018-03-06 15:36:35
1758	1546	1	77	3	2018-03-06 21:08:09
1759	1637	1	2043	1	2018-03-11 14:05:22
1760	1628	1	623	4	2018-03-12 08:48:29
1761	1628	1	623	4	2018-03-12 08:52:28
1762	1281	1	1287	2	2018-03-16 12:02:39
1763	1599	1	77	4	2018-03-17 11:22:30
1764	1603	1	77	4	2018-03-17 11:24:15
1765	1611	1	77	4	2018-03-17 11:29:05
1766	1612	1	77	4	2018-03-17 11:30:24
1767	1613	1	77	4	2018-03-17 11:31:21
1768	1617	1	77	4	2018-03-17 11:43:50
1769	1618	1	77	4	2018-03-17 11:45:53
1770	1623	1	77	4	2018-03-17 11:50:23
1771	1625	1	77	4	2018-03-17 11:53:06
1772	1626	1	77	4	2018-03-17 11:54:47
1773	1631	1	77	4	2018-03-17 11:59:44
1774	1633	1	77	4	2018-03-17 12:01:46
1775	1595	1	77	2	2018-03-17 17:22:43
1776	1467	1	23	1	2018-03-18 20:37:35
1777	1569	1	77	4	2018-03-18 20:43:08
1778	1341	1	782	1	2018-03-21 18:48:22
1779	1477	1	623	2	2018-03-23 06:16:47
1780	1436	1	623	1	2018-03-24 15:31:49
1781	1576	1	479	4	2018-03-30 08:21:13
1782	1634	1	77	4	2018-03-31 11:56:23
1783	1635	1	77	4	2018-03-31 11:58:40
1784	1636	1	77	4	2018-03-31 12:00:19
1785	1638	1	77	4	2018-03-31 12:01:41
1786	1639	1	77	4	2018-03-31 12:03:04
1787	1640	1	77	4	2018-03-31 12:04:02
1788	1641	1	77	4	2018-03-31 12:04:58
1789	1642	1	77	4	2018-03-31 12:06:30
1790	1643	1	77	4	2018-03-31 12:08:04
1791	1647	1	77	4	2018-03-31 12:09:15
1792	1649	1	77	4	2018-03-31 12:10:56
1793	1645	1	75	4	2018-04-04 18:09:10
1794	1574	1	31	4	2018-04-07 14:30:45
1795	1650	1	77	4	2018-04-08 15:29:39
1796	1652	1	77	4	2018-04-08 15:35:38
1797	1653	1	77	4	2018-04-08 15:37:34
1798	1654	1	77	4	2018-04-08 15:39:58
1799	1655	1	77	4	2018-04-08 15:41:41
1800	1658	1	77	4	2018-04-08 17:37:44
1801	1661	1	77	4	2018-04-08 17:40:00
1802	1662	1	77	4	2018-04-08 17:41:25
1803	1663	1	77	4	2018-04-08 17:45:44
1804	1666	1	77	4	2018-04-13 09:52:35
1805	1668	1	77	4	2018-04-13 09:54:18
1806	1669	1	77	4	2018-04-13 10:11:53
1807	1670	1	77	4	2018-04-14 12:58:52
1808	1671	1	77	4	2018-04-14 13:13:44
1809	1672	1	77	4	2018-04-14 13:14:41
1810	1673	1	77	4	2018-04-14 13:15:32
1811	1546	2	77	1	2018-04-14 15:34:09
1812	1490	1	1287	2	2018-04-18 11:58:17
1813	1490	1	1287	1	2018-04-18 12:57:28
1814	1490	1	1287	1	2018-04-18 12:58:50
1815	1674	1	77	4	2018-04-27 06:04:22
1816	1675	1	77	4	2018-04-27 06:06:12
1817	1677	1	77	4	2018-04-27 06:07:29
1818	1678	1	77	4	2018-04-27 06:09:47
1819	1680	1	77	4	2018-04-27 06:11:52
1820	1409	1	77	2	2018-04-27 15:38:38
1821	1508	1	2	2	2018-04-29 22:56:41
1822	1686	1	77	4	2018-05-01 09:32:04
1823	1535	1	68	1	2018-05-03 09:51:57
1824	1387	1	772	1	2018-05-06 13:12:18
1825	1619	1	75	2	2018-05-09 20:14:31
1826	1409	1	77	1	2018-05-10 16:49:15
1827	1687	1	77	4	2018-05-10 16:51:51
1828	1691	1	77	4	2018-05-10 16:52:47
1829	1692	1	77	4	2018-05-10 16:55:25
1830	1693	1	77	4	2018-05-10 16:57:19
1831	1694	1	77	4	2018-05-10 16:58:27
1832	1387	1	772	1	2018-05-13 21:00:01
1833	1616	1	623	4	2018-05-15 11:22:26
1834	1535	1	68	1	2018-05-15 12:25:02
1835	1017	1	1287	2	2018-05-17 16:47:40
1836	1595	1	77	3	2018-05-17 21:09:53
1837	1280	1	68	2	2018-05-19 11:43:11
1838	1317	1	41	1	2018-05-22 12:44:33
1839	1355	1	10	1	2018-05-24 01:47:46
1840	1697	1	77	4	2018-05-27 16:42:23
1841	1519	1	77	3	2018-05-27 16:55:29
1842	1519	1	77	4	2018-05-27 22:07:35
1843	1017	1	1287	1	2018-05-28 07:27:54
1844	1664	1	1287	2	2018-05-28 07:40:39
1845	1664	1	1287	1	2018-05-29 16:10:22
1846	1280	1	68	1	2018-05-30 13:09:29
1847	1291	1	782	2	2018-06-03 20:01:52
1848	1333	1	84	1	2018-06-06 07:02:57
1849	1700	1	77	4	2018-06-09 07:39:03
1850	1713	1	77	4	2018-06-09 07:40:43
1851	1711	1	77	4	2018-06-09 07:41:57
1852	1712	1	77	4	2018-06-09 07:43:08
1853	1705	1	77	4	2018-06-09 07:44:18
1854	1707	1	77	4	2018-06-09 07:45:58
1855	1703	1	77	4	2018-06-09 07:47:13
1856	684	1	77	4	2018-06-09 07:50:00
1857	1696	1	77	4	2018-06-09 07:50:57
1858	1716	1	77	4	2018-06-09 07:52:34
1859	1702	1	77	4	2018-06-09 07:53:36
1860	1701	1	77	4	2018-06-09 07:55:20
1861	1683	1	1287	4	2018-06-11 12:39:34
1862	1699	1	77	2	2018-06-12 04:36:09
1863	1406	1	782	1	2018-06-12 11:32:10
1864	1223	1	782	1	2018-06-12 11:46:41
1865	1291	1	782	1	2018-06-12 11:57:03
1866	1627	1	77	4	2018-06-12 20:12:10
1867	1316	1	77	2	2018-06-13 19:12:47
1868	1281	1	1287	2	2018-06-14 08:16:32
1869	1518	1	1287	4	2018-06-14 08:42:59
1870	1537	1	1287	2	2018-06-14 11:44:39
1871	1316	1	77	3	2018-06-16 08:07:59
1872	1595	2	77	1	2018-06-16 17:36:42
1873	1657	1	479	2	2018-06-18 11:22:11
1874	1699	1	77	1	2018-06-19 21:04:02
1875	1323	1	2	4	2018-06-20 02:57:36
1876	1282	1	782	1	2018-06-20 07:11:20
1877	1304	1	782	4	2018-06-23 17:56:18
1878	1708	1	77	4	2018-06-25 11:32:32
1879	1714	1	77	4	2018-06-25 11:34:44
1880	1657	1	479	3	2018-06-26 19:24:48
1881	1281	1	1287	1	2018-06-27 17:07:42
1882	1651	1	77	2	2018-06-28 08:14:13
1883	1192	1	77	2	2018-06-28 20:54:30
1884	1523	1	10	4	2018-06-29 14:11:10
1885	1742	1	2043	1	2018-07-02 10:06:43
1886	1704	1	36	2	2018-07-05 11:51:35
1887	1192	1	77	1	2018-07-08 09:50:46
1888	1394	1	623	4	2018-07-08 19:52:05
1889	1394	1	623	4	2018-07-08 19:54:41
1890	1704	1	36	1	2018-07-09 21:43:17
1891	1718	1	77	4	2018-07-10 16:15:28
1892	1720	1	77	4	2018-07-10 16:17:36
1893	1721	1	77	4	2018-07-10 16:18:54
1894	1728	1	77	4	2018-07-10 16:20:00
1895	1729	1	77	4	2018-07-10 16:21:08
1896	1730	1	77	4	2018-07-10 16:22:20
1897	1731	1	77	4	2018-07-10 16:23:10
1898	1734	1	77	4	2018-07-10 16:24:19
1899	1736	1	77	4	2018-07-10 16:25:18
1900	1741	1	77	4	2018-07-10 16:26:25
1901	1743	1	77	4	2018-07-10 16:27:37
1902	1744	1	77	4	2018-07-10 16:29:02
1903	1746	1	77	4	2018-07-10 16:30:06
1904	1745	1	77	4	2018-07-11 06:10:22
1905	1747	1	77	4	2018-07-11 06:11:27
1906	1537	1	1287	1	2018-07-11 12:03:49
1907	1460	1	29	2	2018-07-11 14:05:50
1908	1723	1	1119	4	2018-07-12 07:59:22
1909	1525	1	37	2	2018-07-16 18:41:41
1910	1489	1	10	4	2018-07-17 14:02:39
1911	1606	1	2	4	2018-07-17 19:35:49
1912	1316	2	77	2	2018-07-19 16:36:16
1913	1751	1	77	4	2018-07-19 16:58:26
1914	1738	1	77	4	2018-07-19 17:00:37
1915	1608	1	68	2	2018-07-23 13:10:05
1916	1622	1	77	4	2018-07-24 12:14:01
1917	1608	1	68	1	2018-07-27 13:20:08
1918	1316	2	77	1	2018-07-29 10:50:38
1919	1651	1	77	3	2018-07-29 11:03:08
1920	1757	1	77	4	2018-07-29 11:06:34
1921	1761	1	77	4	2018-07-29 11:09:16
1922	1475	1	782	2	2018-07-31 12:10:41
1923	1378	1	2043	1	2018-08-05 18:51:28
1924	1619	1	75	2	2018-08-08 20:39:03
1925	1619	1	75	1	2018-08-13 23:39:28
1926	1657	2	479	1	2018-08-22 08:21:55
1927	1601	1	1287	2	2018-08-22 15:54:12
1928	1755	1	77	4	2018-08-25 06:47:55
1929	1762	1	77	4	2018-08-25 06:49:44
1930	1764	1	77	4	2018-08-25 06:51:15
1931	1766	1	77	4	2018-08-25 06:52:46
1932	1767	1	77	4	2018-08-25 06:54:00
1933	793	1	1287	2	2018-09-01 07:29:28
1934	1772	1	479	4	2018-09-01 13:20:29
1935	1651	2	77	2	2018-09-03 10:33:55
1936	1460	1	29	1	2018-09-08 15:18:20
1937	1791	1	77	4	2018-09-16 08:30:18
1938	1794	1	77	4	2018-09-16 08:32:39
1939	1785	1	77	4	2018-09-16 08:39:05
1940	1783	1	77	4	2018-09-16 08:42:43
1941	1774	1	77	4	2018-09-16 08:48:08
1942	1775	1	77	4	2018-09-16 08:55:44
1943	1777	1	77	4	2018-09-16 08:59:39
1944	1780	1	77	4	2018-09-16 09:01:41
1945	1781	1	77	4	2018-09-16 09:02:52
1946	1800	1	2	2	2018-09-17 07:40:03
1947	936	1	10	1	2018-09-18 17:24:32
1948	1789	1	77	4	2018-09-22 08:00:45
1949	1601	1	1287	1	2018-09-22 16:26:36
1950	1719	1	2109	4	2018-09-24 06:49:16
1951	1808	1	2043	1	2018-09-27 09:47:13
1952	1810	1	2043	1	2018-10-01 08:31:00
1953	1340	1	736	4	2018-10-02 09:36:45
1954	1812	1	2043	1	2018-10-02 13:47:32
1955	1679	1	2043	1	2018-10-02 13:53:51
1956	1797	1	77	4	2018-10-03 08:00:16
1957	1798	1	77	4	2018-10-03 08:02:34
1958	1809	1	77	4	2018-10-05 12:57:42
1959	1806	1	77	4	2018-10-05 12:59:18
1960	1805	1	77	4	2018-10-05 13:00:24
1961	1803	1	77	4	2018-10-05 13:01:30
1962	1802	1	77	4	2018-10-05 13:05:01
1963	1591	1	31	2	2018-10-07 06:50:02
1964	1591	1	31	2	2018-10-07 06:51:23
1965	1651	2	77	1	2018-10-09 08:25:13
1966	1591	1	31	1	2018-10-09 12:31:40
1967	1750	1	77	4	2018-10-15 17:14:40
1968	1164	1	36	2	2018-10-23 16:14:59
1969	1164	1	36	2	2018-10-23 16:20:23
1970	1772	1	479	4	2018-10-25 07:32:20
1971	1485	1	36	2	2018-10-28 14:07:19
1972	1824	1	77	4	2018-10-29 09:56:57
1973	1822	1	77	4	2018-10-29 09:59:09
1974	1821	1	77	4	2018-10-29 10:00:22
1975	1819	1	77	4	2018-10-29 10:01:31
1976	1811	1	77	4	2018-10-29 10:04:42
1977	1816	1	77	4	2018-10-29 10:06:18
1978	1823	1	77	4	2018-11-01 07:43:06
1979	1826	1	77	4	2018-11-01 07:47:14
1980	1765	1	77	2	2018-11-01 08:30:22
1981	1779	1	623	4	2018-11-05 11:05:35
1982	1779	1	623	4	2018-11-05 11:08:35
1983	1410	1	2043	2	2018-11-06 09:14:12
1984	1848	1	2043	1	2018-11-07 14:57:59
1985	1765	1	77	1	2018-11-10 21:43:00
1986	1525	1	37	1	2018-11-11 00:26:12
1987	1827	1	77	4	2018-11-11 15:22:56
1988	1839	1	77	4	2018-11-11 15:26:29
1989	1838	1	77	4	2018-11-11 15:28:03
1990	1836	1	77	4	2018-11-11 15:29:48
1991	1835	1	77	4	2018-11-11 15:31:16
1992	1829	1	77	4	2018-11-11 15:32:40
1993	1828	1	77	4	2018-11-11 15:34:01
1994	1427	1	736	2	2018-11-12 15:32:07
1995	1330	1	37	1	2018-11-12 22:53:28
1996	1164	1	2043	3	2018-11-19 18:29:43
1997	1559	1	479	2	2018-11-20 08:01:47
1998	1844	1	77	4	2018-11-24 09:50:00
1999	1847	1	77	4	2018-11-24 09:51:58
2000	1853	1	77	4	2018-11-24 09:55:33
2001	1855	1	77	4	2018-11-24 09:57:42
2002	1856	1	77	4	2018-11-24 09:58:47
2003	1858	1	77	4	2018-11-24 09:59:48
2004	1861	1	77	4	2018-11-24 10:03:34
2005	1485	1	36	1	2018-11-28 11:55:55
2006	1164	2	36	1	2018-11-28 11:57:14
2007	1427	1	736	1	2018-11-29 11:08:51
2008	1837	1	736	4	2018-11-29 11:10:16
2009	1800	1	2	1	2018-12-04 07:31:14
2010	1875	1	2043	1	2018-12-07 12:38:15
2011	1496	1	31	2	2018-12-10 09:29:29
2012	1610	1	479	2	2018-12-10 09:47:01
2013	1862	1	77	4	2018-12-15 09:06:18
2014	1867	1	77	4	2018-12-15 09:09:07
2015	1874	1	77	4	2018-12-15 09:10:14
2016	1871	1	77	4	2018-12-15 09:11:21
2017	1863	1	77	4	2018-12-15 09:13:01
2018	1870	1	77	4	2018-12-15 09:14:12
2019	1877	1	77	4	2018-12-16 07:57:09
2020	1878	1	77	4	2018-12-16 07:59:01
2021	1880	1	2043	1	2018-12-17 08:47:26
2022	1749	1	10	1	2018-12-18 08:17:25
2023	1887	1	2043	1	2018-12-22 14:52:19
2024	1864	1	77	4	2018-12-25 16:57:15
2025	1882	1	77	4	2018-12-30 09:37:19
2026	1889	1	77	4	2018-12-30 09:39:11
2027	1890	1	77	4	2018-12-30 09:40:58
2028	1496	1	31	1	2019-01-02 18:32:35
2029	1477	1	623	1	2019-01-03 09:31:29
2030	1477	1	623	1	2019-01-03 09:32:17
2031	1733	1	2109	2	2019-01-03 09:51:32
2032	1893	1	77	4	2019-01-06 07:56:02
2033	1879	1	31	4	2019-01-07 09:12:34
2034	1740	1	10	1	2019-01-14 12:58:27
2035	1698	1	2	3	2019-01-15 15:19:02
2036	1725	1	2	2	2019-01-15 15:30:24
2037	1474	1	782	2	2019-01-17 09:53:48
2038	1195	1	782	2	2019-01-17 09:58:39
2039	1277	1	782	2	2019-01-17 09:58:57
2040	1475	1	782	1	2019-01-17 10:02:39
2041	1528	1	782	2	2019-01-17 10:06:51
2042	1842	1	782	2	2019-01-17 10:18:09
2043	1610	1	479	3	2019-01-17 18:18:04
2044	1610	1	479	3	2019-01-17 18:18:42
2045	1784	1	77	3	2019-01-17 18:19:11
2046	1559	1	479	3	2019-01-18 10:31:15
2047	1772	1	479	4	2019-01-21 09:07:23
2048	1498	1	84	1	2019-01-24 22:11:05
2049	1842	1	782	1	2019-01-25 09:08:28
2050	1733	1	2109	1	2019-01-29 08:01:33
2051	1902	1	77	4	2019-01-29 08:16:26
2052	1904	1	77	4	2019-01-29 08:19:03
2053	1684	1	479	2	2019-01-31 15:00:18
2054	1899	1	77	4	2019-02-01 10:20:22
2055	1605	1	479	2	2019-02-12 09:49:59
2056	1918	1	77	4	2019-02-17 08:02:11
2057	1914	1	77	4	2019-02-17 08:05:25
2058	1913	1	77	4	2019-02-17 08:06:23
2059	1912	1	77	4	2019-02-17 08:07:26
2060	1911	1	77	4	2019-02-17 08:08:46
2061	1910	1	77	4	2019-02-17 08:10:37
2062	1895	1	77	4	2019-02-17 08:12:08
2063	1909	1	77	4	2019-02-17 08:14:24
2064	1908	1	77	4	2019-02-17 08:15:39
2065	1897	1	77	4	2019-02-17 08:17:18
2066	1896	1	77	4	2019-02-17 08:18:36
2067	1681	1	736	1	2019-02-18 11:31:37
2068	1605	1	479	3	2019-02-19 08:06:44
2069	1927	1	77	4	2019-02-19 22:36:47
2070	793	1	1287	1	2019-02-28 09:05:40
2071	1916	1	77	4	2019-03-02 05:42:06
2072	1922	1	77	4	2019-03-02 05:44:05
2073	1923	1	77	4	2019-03-02 05:45:08
2074	1924	1	77	4	2019-03-02 05:46:15
2075	1932	1	77	4	2019-03-02 05:47:30
2076	1938	1	77	4	2019-03-02 05:48:36
2077	1940	1	77	4	2019-03-02 05:50:19
2078	1941	1	77	4	2019-03-02 05:51:14
2079	1942	1	77	4	2019-03-02 05:52:22
2080	1939	1	77	4	2019-03-02 05:54:17
2081	1820	1	10	4	2019-03-03 19:44:27
2082	1684	1	479	1	2019-03-04 13:01:49
2083	1605	2	479	2	2019-03-05 09:01:24
2084	1930	1	479	4	2019-03-06 17:31:33
2085	1526	1	479	2	2019-03-06 17:48:12
2086	1605	2	479	1	2019-03-07 23:03:42
2087	1526	1	479	1	2019-03-12 08:53:40
2088	1898	1	2109	4	2019-03-19 13:16:33
2089	1925	1	29	2	2019-03-19 14:05:04
2090	1825	1	36	2	2019-03-21 12:46:55
2091	1782	1	1194	2	2019-03-25 13:22:23
2092	1817	1	84	2	2019-03-25 17:10:40
2093	1528	1	782	1	2019-04-01 18:31:11
2094	1758	1	31	2	2019-04-02 09:25:44
2095	1879	1	31	4	2019-04-02 09:30:26
2096	1581	1	77	2	2019-04-03 16:28:15
2097	1892	1	83	1	2019-04-03 17:18:31
2098	1758	1	31	3	2019-04-08 08:55:51
2099	1725	1	2043	3	2019-04-11 10:26:21
2100	1928	1	77	4	2019-04-11 21:13:59
2101	1952	1	77	4	2019-04-11 21:16:33
2102	1960	1	77	4	2019-04-11 21:19:09
2103	1943	1	77	4	2019-04-11 21:20:37
2104	1817	1	84	1	2019-04-13 10:07:43
2105	1946	1	77	4	2019-04-14 11:48:09
2106	1949	1	77	4	2019-04-14 11:50:02
2107	1965	1	77	4	2019-04-14 11:51:54
2108	1973	1	77	4	2019-04-14 11:52:54
2109	1980	1	77	4	2019-04-14 11:53:56
2110	1979	1	77	4	2019-04-14 11:54:55
2111	1976	1	77	4	2019-04-14 11:55:54
2112	1974	1	77	4	2019-04-14 11:58:06
2113	1956	1	77	4	2019-04-14 11:59:00
2114	1951	1	77	4	2019-04-14 12:00:38
2115	1881	1	479	2	2019-04-15 13:44:18
2116	1727	1	77	4	2019-04-20 12:19:24
2117	1901	1	41	1	2019-04-21 16:09:31
2118	1560	1	45	1	2019-04-21 20:08:58
2119	1426	1	10	1	2019-04-22 15:33:06
2120	1695	1	10	1	2019-04-22 15:47:03
2121	1929	1	2109	4	2019-04-23 08:02:11
2122	1782	1	1194	1	2019-04-23 08:46:56
2123	1581	1	77	3	2019-04-29 08:45:24
2124	1846	1	36	1	2019-04-30 17:50:52
2125	1758	2	31	1	2019-05-01 11:07:29
2126	1920	1	1119	4	2019-05-02 08:10:03
2127	1947	1	75	4	2019-05-03 22:43:39
2128	1997	1	2043	1	2019-05-04 11:19:06
2129	1559	2	479	2	2019-05-06 14:24:09
2130	1881	1	479	3	2019-05-06 14:42:09
2131	1801	1	1119	2	2019-05-07 15:27:57
2132	1964	1	479	1	2019-05-09 00:01:06
2133	1958	1	2	4	2019-05-10 11:11:35
2134	1963	1	77	4	2019-05-11 09:58:50
2135	1945	1	77	4	2019-05-11 10:03:22
2136	1925	1	29	1	2019-05-13 16:02:15
2137	1982	1	77	4	2019-05-14 08:45:24
2138	1984	1	77	4	2019-05-14 08:47:02
2139	1985	1	77	4	2019-05-14 08:48:06
2140	1986	1	77	4	2019-05-14 08:49:09
2141	1987	1	77	4	2019-05-14 08:50:26
2142	1990	1	77	4	2019-05-14 08:51:25
2143	1991	1	77	4	2019-05-14 08:52:47
2144	1992	1	77	4	2019-05-14 08:53:41
2145	1993	1	77	4	2019-05-14 08:54:37
2146	1995	1	77	4	2019-05-14 08:55:37
2147	1981	1	77	4	2019-05-16 05:46:13
2148	1879	1	31	4	2019-05-19 13:10:55
2149	1881	2	479	1	2019-05-20 13:52:18
2150	1881	2	479	1	2019-05-20 14:00:17
2151	1516	1	479	2	2019-05-22 09:46:32
2152	1919	1	37	4	2019-05-25 22:26:33
2153	1508	1	2	1	2019-05-27 10:15:05
2154	1516	1	479	1	2019-05-28 07:36:40
2155	1959	1	782	2	2019-05-29 07:35:48
2156	1884	1	623	3	2019-06-03 16:20:42
2157	1559	2	479	1	2019-06-06 08:29:22
2158	1866	1	1119	2	2019-06-06 09:35:17
2159	1195	1	782	1	2019-06-07 10:24:08
2160	2012	1	77	4	2019-06-09 14:16:46
2161	2004	1	77	4	2019-06-09 14:19:30
2162	2001	1	77	4	2019-06-09 14:20:53
2163	2010	1	77	4	2019-06-09 14:25:36
2164	1994	1	1119	4	2019-06-10 09:20:26
2165	1813	1	31	2	2019-06-12 06:22:51
2166	1852	1	31	2	2019-06-17 11:35:24
2167	1725	2	2	1	2019-06-18 16:40:08
2168	1865	1	83	4	2019-06-21 06:42:59
2169	1937	1	37	2	2019-06-24 03:01:18
2170	1825	1	36	1	2019-06-26 12:44:40
2171	1936	1	1287	2	2019-07-01 13:40:15
2172	1917	1	736	2	2019-07-02 11:00:56
2173	2027	1	77	4	2019-07-06 11:58:52
2174	2026	1	77	4	2019-07-06 11:59:59
2175	1917	1	736	1	2019-07-06 13:30:42
2176	2024	1	77	4	2019-07-06 22:32:48
2177	2023	1	77	4	2019-07-06 22:34:20
2178	2020	1	77	4	2019-07-06 22:35:24
2179	2017	1	77	4	2019-07-06 22:36:30
2180	2013	1	77	4	2019-07-06 22:38:13
2181	2005	1	77	4	2019-07-06 22:39:20
2182	2016	1	77	4	2019-07-06 22:40:12
2183	1815	1	2	2	2019-07-12 19:27:44
2184	2000	1	77	4	2019-07-13 10:56:21
2185	2011	1	2109	4	2019-07-13 17:51:24
2186	1763	1	10	1	2019-07-14 17:36:51
2187	1466	1	10	4	2019-07-14 17:37:15
2188	1517	1	10	1	2019-07-15 18:36:39
2189	1796	1	31	4	2019-07-17 14:04:50
2190	1796	1	31	4	2019-07-17 14:08:46
2191	2018	1	77	4	2019-07-18 07:36:53
2192	2041	1	77	4	2019-07-20 16:02:33
2193	2050	1	77	4	2019-07-20 16:06:36
2194	2048	1	77	4	2019-07-20 16:08:27
2195	2045	1	77	4	2019-07-20 16:09:53
2196	2047	1	77	4	2019-07-20 16:10:54
2197	2040	1	77	4	2019-07-20 16:12:07
2198	1953	1	2	1	2019-07-21 04:17:07
2199	2014	1	77	4	2019-07-26 09:06:09
2200	2065	1	77	4	2019-07-30 06:49:26
2201	2054	1	77	4	2019-07-30 06:51:34
2202	2059	1	77	4	2019-07-30 06:53:39
2203	2061	1	77	4	2019-07-30 06:55:03
2204	2060	1	77	4	2019-08-03 06:57:23
2205	2051	1	77	4	2019-08-11 09:54:05
2206	2030	1	2109	4	2019-08-12 10:41:48
2207	1852	1	31	3	2019-08-15 18:24:08
2208	1581	2	77	1	2019-08-22 04:42:59
2209	1581	2	77	2	2019-08-22 04:47:14
2210	2008	1	1119	4	2019-08-22 13:59:20
2211	1784	1	77	1	2019-08-23 06:41:57
2212	1784	1	77	2	2019-08-23 06:42:18
2213	1784	1	77	1	2019-08-26 11:58:24
2214	2104	1	77	4	2019-08-31 09:38:44
2215	2102	1	77	4	2019-08-31 09:41:10
2216	2070	1	77	4	2019-08-31 09:47:10
2217	2070	1	77	4	2019-08-31 09:53:53
2218	2071	1	77	4	2019-08-31 09:54:56
2219	2082	1	77	4	2019-08-31 09:55:48
2220	2089	1	77	4	2019-08-31 09:56:46
2221	2092	1	77	4	2019-08-31 09:57:40
2222	2076	1	77	4	2019-09-03 15:22:38
2223	1849	1	31	2	2019-09-04 19:41:48
2224	1944	1	36	4	2019-09-05 16:14:47
2225	2114	1	2043	1	2019-09-09 07:18:22
2226	1937	1	37	1	2019-09-11 03:14:52
2227	1884	2	623	1	2019-09-11 15:33:05
2228	2100	1	29	4	2019-09-13 05:46:06
2229	2100	1	2	4	2019-09-13 06:20:22
2230	2095	1	3784	4	2019-09-13 08:19:27
2231	2117	1	2043	1	2019-09-13 15:29:50
2232	2052	1	77	4	2019-09-13 20:23:28
2233	2052	1	77	4	2019-09-13 20:24:15
2234	2069	1	77	4	2019-09-13 20:27:37
2235	2072	1	77	4	2019-09-13 20:29:29
2236	2073	1	77	4	2019-09-13 20:30:48
2237	2075	1	77	4	2019-09-13 20:33:35
2238	2081	1	77	4	2019-09-13 20:35:24
2239	2093	1	77	4	2019-09-13 20:37:56
2240	2108	1	77	4	2019-09-13 20:39:17
2241	2109	1	77	4	2019-09-13 20:40:16
2242	2111	1	77	4	2019-09-13 20:41:16
2243	2112	1	77	4	2019-09-13 20:42:15
2244	2115	1	77	4	2019-09-13 20:43:13
2245	2116	1	77	4	2019-09-13 20:44:14
2246	1581	2	77	1	2019-09-13 20:47:33
2247	2077	1	77	4	2019-09-20 06:33:26
2248	2080	1	77	4	2019-09-20 06:35:38
2249	2090	1	77	4	2019-09-20 06:37:13
2250	2094	1	77	4	2019-09-20 06:39:11
2251	2097	1	77	4	2019-09-20 06:40:11
2252	2107	1	77	4	2019-09-20 06:41:28
2253	2068	1	1194	4	2019-09-20 12:29:47
2254	2079	1	2	1	2019-09-21 16:21:33
2255	2123	1	77	4	2019-09-28 21:56:06
2256	2121	1	77	4	2019-09-30 06:17:07
2257	2124	1	77	4	2019-09-30 06:18:55
2258	2127	1	77	4	2019-09-30 06:20:20
2259	2132	1	77	4	2019-10-01 05:28:17
2260	1435	1	10	1	2019-10-01 18:05:07
2261	1610	2	479	2	2019-10-02 08:00:38
2262	1866	1	1119	1	2019-10-03 09:12:29
2263	1685	1	2	2	2019-10-03 10:32:28
2264	1948	1	2	2	2019-10-03 10:39:53
2265	1948	1	2	2	2019-10-03 10:40:09
2266	1610	2	479	1	2019-10-03 11:44:17
2267	2130	1	77	4	2019-10-05 14:03:24
2268	2131	1	77	4	2019-10-05 14:05:24
2269	2133	1	77	4	2019-10-05 14:06:25
2270	2135	1	77	4	2019-10-05 14:07:22
2271	2091	1	29	4	2019-10-07 17:43:34
2272	1989	1	31	4	2019-10-08 06:55:53
2273	1989	1	31	4	2019-10-08 06:58:08
2274	1813	1	31	1	2019-10-08 07:08:30
2275	1813	1	31	1	2019-10-08 07:08:47
2276	1796	1	31	4	2019-10-08 07:27:01
2277	2091	1	29	4	2019-10-08 07:42:59
2278	2118	1	29	4	2019-10-08 07:46:08
2279	2091	1	29	4	2019-10-08 07:49:49
2280	2091	1	29	4	2019-10-08 07:50:39
2281	2100	1	29	4	2019-10-08 07:51:36
2282	2015	1	31	4	2019-10-08 10:46:24
2283	2015	1	31	4	2019-10-08 10:46:53
2284	2138	1	1287	4	2019-10-10 18:27:32
2285	2038	1	77	4	2019-10-13 15:31:46
2286	2099	1	77	4	2019-10-13 15:34:07
2287	2143	1	77	4	2019-10-13 15:35:18
2288	2141	1	77	4	2019-10-13 15:36:35
2289	1852	2	31	2	2019-10-15 06:16:12
2290	2149	1	77	4	2019-10-17 09:07:12
2291	2152	1	77	4	2019-10-17 09:09:13
2292	1474	1	782	1	2019-10-19 06:14:32
2293	2148	1	77	4	2019-10-19 11:49:24
2294	2155	1	77	4	2019-10-19 11:51:09
2295	1615	1	782	2	2019-10-19 12:51:08
2296	1921	1	782	2	2019-10-19 13:24:46
2297	1804	1	2043	4	2019-10-21 14:48:20
2298	2105	1	1194	4	2019-10-22 11:42:34
2299	1907	1	1194	2	2019-10-22 11:46:12
2300	2144	1	31	4	2019-10-22 18:19:07
2301	641	1	478	2	2019-10-24 16:26:55
2302	641	1	478	2	2019-10-24 16:32:01
2303	1883	1	3784	4	2019-10-29 15:45:05
2304	1883	1	3784	4	2019-10-29 15:58:16
2305	2166	1	2043	1	2019-10-30 14:59:00
2306	1815	1	2	1	2019-10-30 19:00:13
2307	2156	1	77	4	2019-10-31 14:34:38
2308	2167	1	77	4	2019-10-31 14:36:36
2309	2159	1	77	4	2019-10-31 14:37:42
2310	2160	1	77	4	2019-10-31 14:39:35
2311	2157	1	77	4	2019-10-31 14:40:56
2312	2165	1	77	4	2019-10-31 14:43:02
2313	1578	1	782	4	2019-11-01 13:53:14
2314	1891	1	736	1	2019-11-04 21:30:04
2315	1891	1	736	1	2019-11-04 21:44:03
2316	1410	1	2043	1	2019-11-05 14:19:17
2317	1921	1	782	1	2019-11-06 16:39:15
2318	1869	1	45	1	2019-11-08 02:33:03
2319	1852	2	31	3	2019-11-13 17:35:46
2320	1615	1	782	1	2019-11-14 19:22:38
2321	2179	1	77	4	2019-11-16 23:05:04
2322	1801	1	1119	1	2019-11-18 08:28:39
2323	2188	1	77	4	2019-12-02 19:57:50
2324	2191	1	77	4	2019-12-03 10:49:21
2325	2190	1	77	4	2019-12-03 10:51:22
2326	2169	1	77	4	2019-12-03 10:53:11
2327	2186	1	77	4	2019-12-03 10:56:03
2328	2184	1	77	4	2019-12-03 10:57:23
2329	2183	1	77	4	2019-12-03 10:58:32
2330	2181	1	77	4	2019-12-03 10:59:42
2331	2177	1	77	4	2019-12-03 11:00:45
2332	2176	1	77	4	2019-12-03 11:02:11
2333	2175	1	77	4	2019-12-03 11:03:01
2334	2170	1	77	4	2019-12-03 11:04:23
2335	641	1	478	1	2019-12-06 18:09:30
2336	1860	1	2109	2	2019-12-09 13:13:25
2337	2196	1	2043	1	2019-12-13 02:37:24
2338	2171	1	77	4	2019-12-14 10:33:12
2339	2172	1	77	4	2019-12-14 10:35:15
2340	2197	1	77	4	2019-12-14 10:36:43
2341	2192	1	77	4	2019-12-14 10:38:37
2342	2185	1	77	4	2019-12-14 10:39:37
2343	2021	1	45	4	2019-12-17 06:28:27
2344	1860	1	2109	1	2019-12-17 08:16:57
2345	1852	3	31	1	2019-12-19 08:07:59
2346	1852	3	31	1	2019-12-19 08:10:45
2347	1998	1	31	2	2019-12-19 08:17:48
2348	1933	1	31	2	2019-12-19 12:35:11
2349	1998	1	31	3	2019-12-20 06:59:02
2350	1894	1	84	2	2019-12-20 10:06:02
2351	1959	1	782	1	2019-12-20 10:22:31
2352	1936	1	1287	1	2019-12-22 16:35:27
2353	1933	1	31	1	2019-12-25 08:22:26
2354	1933	1	31	1	2019-12-25 08:22:45
2355	1957	1	31	2	2019-12-30 06:33:59
2356	1957	1	31	2	2019-12-30 06:35:41
2357	1957	1	31	3	2020-01-04 10:21:26
2358	2025	1	3784	2	2020-01-05 17:10:35
2359	2033	1	77	2	2020-01-05 18:45:55
2360	2206	1	77	4	2020-01-05 21:25:44
2361	2212	1	77	4	2020-01-06 07:58:24
2362	1970	1	2109	3	2020-01-07 09:16:14
2363	2106	1	736	2	2020-01-07 21:04:57
2364	2202	1	77	4	2020-01-11 16:39:48
2365	2033	1	77	3	2020-01-18 08:22:37
2366	2223	1	77	4	2020-01-18 15:28:59
2367	2222	1	77	4	2020-01-18 15:31:03
2368	2210	1	77	4	2020-01-18 15:32:26
2369	2208	1	77	4	2020-01-18 15:33:34
2370	2205	1	77	4	2020-01-18 15:34:51
2371	2204	1	77	4	2020-01-18 15:35:49
2372	2203	1	77	4	2020-01-18 15:36:38
2373	2200	1	77	4	2020-01-18 15:38:48
2374	1748	1	83	1	2020-01-18 20:25:43
2375	2006	1	83	1	2020-01-18 20:49:37
2376	2163	1	1119	2	2020-01-19 06:41:27
2377	2211	1	77	4	2020-01-19 12:44:54
2378	2214	1	77	4	2020-01-20 09:34:28
2379	1859	1	782	4	2020-01-31 22:43:54
2380	2137	1	42	2	2020-02-01 06:03:04
2381	2228	1	77	4	2020-02-02 07:29:18
2382	2221	1	77	4	2020-02-02 07:31:07
2383	2217	1	77	4	2020-02-02 07:33:35
2384	2216	1	77	4	2020-02-02 07:34:33
2385	2213	1	77	4	2020-02-02 07:35:48
2386	2215	1	77	4	2020-02-02 07:36:38
2387	2220	1	1287	4	2020-02-04 09:56:40
2388	1955	1	772	2	2020-02-07 15:19:03
2389	2110	1	75	2	2020-02-07 21:18:49
2390	2110	1	75	2	2020-02-07 21:21:47
2391	2246	1	77	4	2020-02-08 16:42:26
2392	2247	1	77	4	2020-02-08 16:44:19
2393	1931	1	478	2	2020-02-09 17:04:23
2394	2122	1	1119	2	2020-02-11 15:43:37
2395	2113	1	772	4	2020-02-14 07:47:29
2396	2249	1	77	4	2020-02-15 09:13:27
2397	2237	1	77	4	2020-02-15 09:15:25
2398	2236	1	77	4	2020-02-15 09:17:31
2399	2243	1	77	4	2020-02-15 09:18:45
2400	2241	1	77	4	2020-02-15 09:19:43
2401	2235	1	77	4	2020-02-15 09:20:38
2402	2234	1	77	4	2020-02-15 09:21:29
2403	2232	1	77	4	2020-02-15 09:22:37
2404	2113	1	772	3	2020-02-16 18:33:02
2405	1894	1	84	1	2020-02-16 21:41:12
2406	1971	1	36	3	2020-02-18 12:48:08
2407	1907	1	1194	1	2020-02-18 15:03:45
2408	2224	1	2109	4	2020-02-20 14:04:24
2409	1849	1	31	1	2020-02-25 12:08:20
2410	2025	1	3784	1	2020-02-26 15:44:55
2411	1931	1	478	2	2020-03-02 11:26:48
2412	2063	1	36	4	2020-03-02 14:50:12
2413	2119	1	1119	4	2020-03-02 15:41:05
2414	2110	1	75	1	2020-03-02 18:26:00
2415	2250	1	2109	4	2020-03-03 06:59:44
2416	1957	2	31	1	2020-03-09 10:36:24
2417	2161	1	479	2	2020-03-18 08:39:57
2418	2063	1	36	4	2020-03-18 15:13:58
2419	2134	1	772	3	2020-03-25 09:33:06
2420	2106	1	736	1	2020-03-25 14:39:03
2421	2161	1	479	1	2020-03-27 07:46:11
2422	2039	1	479	2	2020-03-31 08:47:52
2423	2239	1	1194	2	2020-04-03 08:40:48
2424	1931	1	478	1	2020-04-04 19:28:41
2425	1950	1	84	2	2020-04-06 07:36:48
2426	2019	1	84	2	2020-04-06 07:53:30
2427	2189	1	1113	4	2020-04-08 13:41:43
2428	1793	1	10	1	2020-04-09 19:33:36
2429	2294	1	77	4	2020-04-12 06:51:16
2430	2291	1	77	4	2020-04-12 06:53:42
2431	2290	1	77	4	2020-04-12 06:55:20
2432	2276	1	77	4	2020-04-12 06:56:38
2433	2267	1	77	4	2020-04-12 06:58:37
2434	2265	1	77	4	2020-04-12 06:59:45
2435	2266	1	77	4	2020-04-12 07:00:54
2436	2256	1	77	4	2020-04-12 07:03:34
2437	2252	1	77	4	2020-04-12 07:05:07
2438	2283	1	77	4	2020-04-12 07:08:47
2439	2031	1	36	4	2020-04-13 13:10:40
2440	2231	1	77	4	2020-04-13 17:55:33
2441	2033	2	77	2	2020-04-16 22:10:46
2442	2297	1	77	4	2020-04-19 13:29:47
2443	2259	1	77	4	2020-04-19 13:32:16
2444	2289	1	77	4	2020-04-19 13:33:27
2445	2285	1	77	4	2020-04-19 13:34:26
2446	2279	1	77	4	2020-04-19 13:37:39
2447	2239	1	1194	1	2020-04-21 07:57:01
2448	2260	1	1194	3	2020-04-22 07:04:29
2449	2022	1	31	2	2020-04-22 19:12:33
2450	2022	1	31	2	2020-04-22 19:14:29
2451	2019	1	84	1	2020-04-26 19:32:57
2452	2022	1	31	3	2020-04-27 11:50:14
2453	2163	1	1119	1	2020-05-04 07:16:15
2454	2033	2	77	3	2020-05-04 16:20:10
2455	2088	1	37	1	2020-05-08 05:21:17
2456	2272	1	37	4	2020-05-10 01:53:59
2457	1998	2	31	1	2020-05-10 08:45:44
2458	2028	1	31	2	2020-05-11 08:04:12
2459	2258	1	37	4	2020-05-11 17:16:35
2460	2277	1	37	4	2020-05-14 01:48:49
2461	2039	1	479	1	2020-05-15 07:03:35
2462	2028	1	31	3	2020-05-16 19:35:49
2463	1996	1	736	2	2020-05-17 19:55:52
2464	2103	1	3784	2	2020-05-19 01:17:34
2465	2301	1	77	2	2020-05-19 06:54:54
2466	2120	1	45	1	2020-05-20 18:07:03
2467	1950	1	84	1	2020-05-26 07:27:11
2468	2321	1	2	1	2020-05-27 23:36:49
2469	2301	1	77	1	2020-05-28 06:06:53
2470	2193	1	77	2	2020-05-28 06:13:16
2471	2303	1	77	4	2020-05-28 06:20:20
2472	2343	1	77	4	2020-05-28 06:22:19
2473	2335	1	77	4	2020-05-28 06:23:37
2474	2319	1	77	4	2020-05-28 06:24:47
2475	2316	1	77	4	2020-05-28 06:25:43
2476	2311	1	77	4	2020-05-28 06:27:03
2477	2300	1	479	4	2020-05-29 06:10:30
2478	2193	1	77	1	2020-06-02 20:33:45
2479	2293	1	77	4	2020-06-07 09:09:03
2480	2296	1	77	4	2020-06-07 09:17:35
2481	2304	1	77	4	2020-06-07 09:18:50
2482	1656	1	782	4	2020-06-10 12:08:16
2483	1900	1	782	1	2020-06-10 12:22:41
2484	2033	3	77	2	2020-06-13 09:33:19
2485	2298	1	77	4	2020-06-13 09:40:01
2486	2302	1	77	4	2020-06-13 09:42:04
2487	2305	1	77	4	2020-06-13 09:44:23
2488	2306	1	77	4	2020-06-13 09:47:26
2489	2310	1	77	4	2020-06-13 09:48:18
2490	2312	1	77	4	2020-06-13 09:49:13
2491	2313	1	77	4	2020-06-13 09:50:09
2492	2314	1	77	4	2020-06-13 09:51:05
2493	2315	1	77	4	2020-06-13 09:51:51
2494	2317	1	77	4	2020-06-13 09:52:47
2495	2322	1	77	4	2020-06-13 09:53:32
2496	2323	1	77	4	2020-06-13 09:54:21
2497	2324	1	77	4	2020-06-13 09:55:07
2498	2333	1	77	4	2020-06-13 09:55:52
2499	2342	1	77	4	2020-06-13 09:56:53
2500	2344	1	77	4	2020-06-13 09:57:44
2501	2350	1	77	4	2020-06-13 09:58:43
2502	2044	1	36	2	2020-06-15 22:03:42
2503	2261	1	83	4	2020-06-17 07:10:30
2504	2271	1	83	4	2020-06-17 07:11:19
2505	2280	1	83	4	2020-06-17 07:11:43
2506	2046	1	782	2	2020-06-17 19:59:42
2507	2275	1	29	4	2020-06-19 12:19:36
2508	2269	1	29	4	2020-06-19 12:27:10
2509	2292	1	29	4	2020-06-19 12:32:31
2510	2281	1	29	4	2020-06-19 20:52:13
2511	2281	1	29	4	2020-06-19 20:56:01
2512	2287	1	29	4	2020-06-19 20:59:28
2513	2275	1	2	4	2020-06-19 22:04:46
2514	2326	1	77	4	2020-06-20 10:22:51
2515	2330	1	77	4	2020-06-20 10:23:52
2516	2339	1	77	4	2020-06-20 10:25:39
2517	2349	1	77	4	2020-06-20 10:26:31
2518	2356	1	77	4	2020-06-20 10:27:41
2519	2362	1	77	4	2020-06-20 10:28:34
2520	2338	1	1287	2	2020-06-20 16:35:08
2521	2219	1	2	1	2020-06-22 03:34:52
2522	2033	3	77	2	2020-06-25 21:06:47
2523	2337	1	77	4	2020-06-26 08:30:11
2524	2345	1	77	4	2020-06-26 08:31:20
2525	2353	1	77	4	2020-06-26 08:32:26
2526	2365	1	77	4	2020-06-26 08:33:15
2527	2366	1	77	4	2020-06-26 08:34:02
2528	2367	1	77	4	2020-06-26 08:40:53
2529	1685	1	2	1	2020-06-28 02:04:33
2530	2309	1	31	4	2020-06-28 17:54:52
2531	2229	1	31	2	2020-06-29 19:37:12
2532	2229	1	31	2	2020-06-29 19:42:09
2533	2198	1	31	4	2020-06-30 06:49:45
2534	2101	1	479	2	2020-06-30 11:15:33
2535	2028	2	31	1	2020-07-01 14:35:13
2536	2028	2	31	2	2020-07-01 14:36:57
2537	2033	3	77	1	2020-07-01 21:32:19
2538	2028	2	31	1	2020-07-02 16:50:29
2539	2274	1	29	4	2020-07-03 22:14:37
2540	2274	1	29	4	2020-07-03 22:19:58
2541	2370	1	77	4	2020-07-04 06:55:45
2542	2371	1	77	4	2020-07-04 06:56:59
2543	2375	1	77	4	2020-07-05 09:29:25
2544	2376	1	77	4	2020-07-05 13:56:04
2545	2377	1	77	4	2020-07-07 05:06:27
2546	2378	1	77	4	2020-07-08 13:10:34
2547	2096	1	772	2	2020-07-09 08:39:22
2548	2022	2	31	2	2020-07-09 10:56:27
2549	2261	1	83	4	2020-07-09 13:36:48
2550	2379	1	77	4	2020-07-11 05:55:30
2551	2137	1	42	1	2020-07-11 22:47:34
2552	2125	1	42	1	2020-07-13 13:56:41
2553	2125	1	42	1	2020-07-13 14:02:49
2554	2096	1	772	3	2020-07-14 12:48:36
2555	2084	1	33	4	2020-07-14 13:24:06
2556	1970	2	2109	3	2020-07-15 08:32:14
2557	2347	1	3784	4	2020-07-15 09:21:53
2558	2128	1	3784	1	2020-07-16 00:02:37
2559	2034	1	83	1	2020-07-16 09:47:15
2560	2261	1	83	4	2020-07-16 10:03:42
2561	2271	1	83	4	2020-07-16 10:05:56
2562	2286	1	42	1	2020-07-16 17:15:35
2563	2268	1	37	4	2020-07-17 16:46:50
2564	2381	1	77	4	2020-07-18 11:47:23
2565	2382	1	77	4	2020-07-18 11:48:57
2566	2348	1	1287	2	2020-07-18 13:14:43
2567	2386	1	77	4	2020-07-20 11:14:39
2568	2387	1	77	4	2020-07-20 11:15:42
2569	2338	1	1287	1	2020-07-21 04:49:25
2570	2098	1	37	1	2020-07-24 04:51:20
2571	2391	1	77	4	2020-07-25 10:50:33
2572	2389	1	77	4	2020-07-25 10:51:50
2573	2238	1	77	2	2020-07-25 10:55:51
2574	2238	1	77	1	2020-07-26 12:27:44
2575	2182	1	37	3	2020-07-27 05:18:08
2576	2348	1	1287	2	2020-07-28 11:08:14
2577	2199	1	772	2	2020-07-28 16:14:21
2578	2348	1	1287	1	2020-07-29 10:00:34
2579	2263	1	37	4	2020-08-01 01:33:13
2580	2392	1	77	4	2020-08-02 09:11:36
2581	2393	1	77	4	2020-08-02 09:23:59
2582	2396	1	77	4	2020-08-04 08:14:48
2583	2101	1	479	3	2020-08-07 09:49:16
2584	2022	2	31	3	2020-08-10 12:12:41
2585	2113	1	772	4	2020-08-13 09:29:08
2586	2199	1	772	3	2020-08-13 09:36:07
2587	2390	1	77	4	2020-08-15 08:58:52
2588	2399	1	77	4	2020-08-15 09:00:26
2589	2400	1	77	4	2020-08-15 09:01:21
2590	2401	1	77	4	2020-08-15 09:02:23
2591	2404	1	77	4	2020-08-15 09:03:12
2592	2406	1	77	4	2020-08-15 09:04:15
2593	2407	1	77	4	2020-08-15 09:05:07
2594	2409	1	77	4	2020-08-15 09:06:10
2595	2410	1	77	4	2020-08-15 09:07:01
2596	2103	1	3784	1	2020-08-16 16:19:43
2597	2411	1	37	4	2020-08-19 22:07:10
2598	2134	2	772	2	2020-08-21 09:28:14
2599	2134	2	772	2	2020-08-21 09:38:59
2600	2096	2	772	1	2020-08-21 09:39:24
2601	2096	2	772	1	2020-08-21 09:51:28
2602	2262	1	42	2	2020-08-22 13:51:51
2603	2248	1	42	1	2020-08-22 14:07:32
2604	2122	1	1119	1	2020-08-23 14:38:49
2605	2321	1	2043	1	2020-08-23 16:45:38
2606	2412	1	31	4	2020-08-25 20:14:44
2607	2412	1	31	4	2020-08-25 20:19:17
2608	2412	1	31	4	2020-08-25 20:19:22
2609	2022	3	31	1	2020-08-25 20:25:17
2610	2394	1	37	4	2020-08-26 15:20:37
2611	2229	1	31	3	2020-08-27 07:51:15
2612	2101	2	479	1	2020-08-28 17:25:11
2613	2262	1	42	1	2020-09-01 16:44:37
2614	2414	1	77	4	2020-09-05 10:48:59
2615	2418	1	77	4	2020-09-05 10:50:06
2616	2419	1	77	4	2020-09-05 10:51:01
2617	2420	1	77	4	2020-09-05 10:51:53
2618	2422	1	77	4	2020-09-12 07:18:19
2619	2423	1	77	4	2020-09-12 07:19:59
2620	2413	1	77	4	2020-09-14 09:32:48
2621	2416	1	77	4	2020-09-14 09:34:15
2622	2225	1	36	4	2020-09-15 12:39:25
2623	2225	1	36	4	2020-09-15 12:44:56
2624	1851	1	782	1	2020-09-21 17:20:01
2625	2046	1	782	1	2020-09-21 17:24:16
2626	2129	1	2109	2	2020-09-22 11:54:03
2627	1996	1	736	1	2020-09-24 11:58:06
2628	2173	1	31	2	2020-09-25 10:01:59
2629	2440	1	77	4	2020-09-26 12:15:37
2630	2444	1	77	4	2020-09-26 12:17:04
2631	2444	1	77	4	2020-09-26 12:17:18
2632	2295	1	75	4	2020-09-26 18:38:19
2633	2395	1	88	4	2020-09-28 21:10:40
2634	2417	1	1113	4	2020-09-29 14:37:51
2635	2358	1	1113	3	2020-09-29 14:48:28
2636	2358	1	1113	2	2020-09-29 14:49:21
2637	2227	1	31	2	2020-10-01 09:39:35
2638	2227	1	31	3	2020-10-01 09:52:21
2639	2446	1	77	4	2020-10-04 06:01:43
2640	2451	1	77	4	2020-10-04 06:06:31
2641	2447	1	77	4	2020-10-04 06:07:55
2642	2429	1	77	4	2020-10-04 06:09:10
2643	2442	1	77	4	2020-10-04 06:10:16
2644	2428	1	77	4	2020-10-04 06:11:16
2645	2425	1	77	4	2020-10-04 06:12:02
2646	2430	1	77	4	2020-10-04 06:12:58
2647	2431	1	77	4	2020-10-04 06:14:05
2648	2432	1	77	4	2020-10-04 06:14:55
2649	2436	1	77	4	2020-10-04 06:15:43
2650	2437	1	77	4	2020-10-04 06:16:47
2651	2441	1	77	4	2020-10-04 06:17:37
2652	2434	1	77	4	2020-10-04 06:18:23
2653	2449	1	77	4	2020-10-04 06:19:28
2654	2424	1	77	4	2020-10-05 07:12:06
2655	2439	1	77	4	2020-10-05 07:13:08
2656	2452	1	77	4	2020-10-05 07:14:01
2657	2455	1	77	4	2020-10-05 07:14:50
2658	2456	1	77	4	2020-10-06 07:05:39
2659	2374	1	2109	2	2020-10-07 05:51:23
2660	2194	1	45	1	2020-10-11 21:06:12
2661	2374	1	2109	1	2020-10-12 07:22:46
2662	2154	1	83	2	2020-10-12 14:35:34
2663	2226	1	42	1	2020-10-15 19:52:09
2664	2457	1	77	4	2020-10-17 20:57:22
2665	2460	1	77	4	2020-10-17 21:02:48
2666	2458	1	77	4	2020-10-17 21:05:05
2667	2459	1	77	4	2020-10-17 21:06:23
2668	2201	1	1113	2	2020-10-18 06:42:40
2669	2464	1	2043	1	2020-10-19 12:40:15
2670	2154	1	83	1	2020-10-19 17:56:48
2671	1948	1	2	2	2020-10-20 05:01:10
2672	1948	1	2	3	2020-10-20 05:03:57
2673	2358	1	2	3	2020-10-20 05:15:08
2674	2463	1	77	4	2020-10-20 08:28:36
2675	2129	1	2109	3	2020-10-29 09:08:58
2676	2354	1	2109	2	2020-10-29 09:27:32
2677	2134	2	772	3	2020-10-30 08:49:32
2678	2469	1	77	4	2020-11-01 10:07:42
2679	2199	2	772	1	2020-11-04 09:52:17
2680	2354	1	2109	3	2020-11-05 09:34:52
2681	2083	1	31	2	2020-11-05 13:40:09
2682	1955	1	772	3	2020-11-05 14:48:12
2683	2468	1	77	4	2020-11-08 06:41:04
2684	2471	1	77	4	2020-11-08 06:42:56
2685	2472	1	77	4	2020-11-08 06:43:50
2686	2474	1	77	4	2020-11-08 06:44:49
2687	2475	1	77	4	2020-11-08 06:45:50
2688	2225	1	36	4	2020-11-09 12:24:07
2689	2227	2	31	1	2020-11-11 17:25:40
2690	2483	1	2043	1	2020-11-12 13:57:52
2691	2445	1	37	2	2020-11-14 05:40:29
2692	2083	1	31	3	2020-11-16 10:33:23
2693	2173	1	31	3	2020-11-16 10:43:33
2694	1885	1	1113	2	2020-11-18 10:14:38
2695	1885	1	1113	3	2020-11-18 10:21:28
2696	2043	1	33	2	2020-11-18 10:52:07
2697	2049	1	33	2	2020-11-18 11:08:48
2698	2485	1	2043	1	2020-11-18 20:05:16
2699	2388	1	77	2	2020-11-22 07:31:29
2700	2201	1	1113	1	2020-11-22 15:28:01
2701	1955	2	772	2	2020-11-24 16:26:29
2702	2043	1	33	3	2020-11-27 19:59:41
2703	2480	1	77	4	2020-11-28 09:31:49
2704	2484	1	77	4	2020-11-28 09:34:57
2705	2489	1	77	4	2020-11-28 09:35:50
2706	2491	1	77	4	2020-11-28 09:37:47
2707	2486	1	77	4	2020-11-28 09:39:49
2708	2260	1	1194	2	2020-11-30 08:52:59
2709	2466	1	37	4	2020-12-01 03:05:40
2710	2388	1	77	3	2020-12-04 15:13:44
2711	2492	1	77	4	2020-12-04 15:15:52
2712	2495	1	77	4	2020-12-04 15:17:21
2713	2445	1	37	1	2020-12-06 06:02:57
2714	2498	1	77	4	2020-12-12 22:38:19
2715	2500	1	77	4	2020-12-12 22:40:16
2716	2497	1	1119	4	2020-12-14 08:51:32
2717	2505	1	77	4	2020-12-21 08:11:10
2718	2510	1	77	4	2020-12-21 08:12:25
2719	2508	1	77	4	2020-12-21 08:31:06
2720	2504	1	77	4	2020-12-25 17:44:15
2721	2506	1	77	4	2020-12-25 17:48:52
2722	2490	1	1194	4	2020-12-28 15:06:26
2723	2388	2	77	2	2020-12-29 11:46:36
2724	2129	2	2109	2	2021-01-04 09:34:08
2725	1988	1	3784	3	2021-01-04 17:59:27
2726	2284	1	31	1	2021-01-06 09:01:40
2727	2284	1	31	1	2021-01-06 09:04:12
2728	2521	1	88	4	2021-01-09 08:41:49
2729	2527	1	77	4	2021-01-10 08:26:01
2730	2526	1	77	4	2021-01-10 08:27:31
2731	2525	1	77	4	2021-01-10 08:29:28
2732	2524	1	77	4	2021-01-10 08:30:49
2733	2523	1	77	4	2021-01-10 08:31:59
2734	2299	1	77	4	2021-01-10 21:39:24
2735	2467	1	479	2	2021-01-11 12:59:09
2736	2435	1	37	2	2021-01-13 19:47:23
2737	2388	2	77	3	2021-01-13 19:55:05
2738	2534	1	77	4	2021-01-16 16:50:06
2739	2531	1	77	4	2021-01-17 22:46:04
2740	2532	1	77	4	2021-01-17 22:48:47
2741	2482	1	479	4	2021-01-19 10:50:45
2742	2435	1	37	1	2021-01-20 03:44:46
2743	2288	1	31	2	2021-01-20 07:18:35
2744	2288	1	31	2	2021-01-20 07:24:28
2745	2357	1	77	2	2021-01-24 14:53:11
